< Point NoPoints      4234>
< id domain_id area X Y Z Nx Ny Nz P1x P1y P1z P2x P2y P2z C1 C2  >
< Inner >
    0    0     0.296    13.197    33.550    17.209   0.550  -0.066   0.832   0.284  -0.923  -0.261  -0.785  -0.380   0.489   0.279  -0.017
    1    0     0.263    11.369    33.916    23.569   0.877   0.435  -0.203  -0.272   0.100  -0.957   0.396  -0.895  -0.206   0.146  -0.132
    2    1     0.154    36.549    10.825    26.601  -0.126   0.658   0.742  -0.991  -0.056  -0.119   0.037   0.751  -0.660   0.356  -0.028
    3    1     0.184    32.654    19.654    31.323   0.222  -0.767  -0.602  -0.338  -0.640   0.690   0.915  -0.050   0.401   0.225   0.136
    4    0     0.171    27.312    20.079    24.480   0.324   0.134   0.937   0.770   0.539  -0.343   0.551  -0.832  -0.071   1.669   0.188
    5    1     0.211    38.328    16.522    32.194  -0.682  -0.543  -0.489   0.168  -0.768   0.618   0.712  -0.340  -0.615   0.245  -0.154
    6    1     0.284    26.336    23.171    25.932  -0.436  -0.813  -0.387  -0.555  -0.096   0.826   0.709  -0.575   0.409   0.260  -0.204
    7    0     0.161    28.215    21.948    25.263  -0.428  -0.636   0.642   0.253   0.598   0.761   0.868  -0.488   0.095   0.923  -0.055
    8    0     0.262    17.291    28.067    23.747   0.512   0.811  -0.282   0.210  -0.437  -0.875   0.833  -0.389   0.394   0.832   0.154
    9    0     0.111    29.168    19.211    24.238   0.075  -0.014   0.997   0.012  -1.000  -0.015  -0.997  -0.013   0.075   0.537  -0.164
   10    1     0.271    34.575    17.713    33.026  -0.141  -0.274  -0.951  -0.862  -0.438   0.254   0.487  -0.856   0.175  -0.052  -0.322
   11    1     0.328    37.908    17.579    27.405  -0.643  -0.693   0.325   0.674  -0.714  -0.190  -0.364  -0.097  -0.926   0.151   0.065
   12    1     0.257    38.495    11.570    31.081  -0.577   0.640  -0.508   0.309  -0.404  -0.861   0.756   0.654  -0.036   0.047  -0.320
   13    0     0.216    28.607    20.719    24.521  -0.212  -0.381   0.900   0.554   0.711   0.432   0.805  -0.590  -0.061   1.349  -0.084
   14    1     0.123    39.232    12.755    31.484  -0.822   0.291  -0.489  -0.558  -0.580   0.593   0.111  -0.761  -0.639   0.385  -0.108
   15    0     0.293    22.621    33.934    22.303  -0.896  -0.400  -0.190   0.047  -0.511   0.858   0.441  -0.761  -0.477   0.170  -0.125
   16    1     0.202    18.526    33.336    26.011  -0.406  -0.070  -0.911  -0.213  -0.963   0.168   0.889  -0.262  -0.376   0.498   0.058
   17    1     0.185    33.744    20.331    27.596  -0.437  -0.853   0.284  -0.003   0.318   0.948   0.900  -0.413   0.142   1.439  -0.023
   18    1     0.143    38.709    15.861    32.291  -0.768  -0.326  -0.552   0.641  -0.372  -0.672  -0.013   0.869  -0.494   0.753   0.361
   19    1     0.188    37.412    10.739    27.000  -0.287   0.685   0.669   0.040   0.707  -0.706   0.957   0.176   0.230   0.298   0.053
   20    0     0.353    34.110    14.923    24.821  -0.209   0.283   0.936  -0.418   0.839  -0.347   0.884   0.464   0.057  -0.217  -0.406
   21    1     0.182    28.480    15.204    27.200   0.921   0.389   0.001  -0.068   0.164  -0.984   0.384  -0.906  -0.178   0.895   0.130
   22    0     0.303    32.765    19.938    25.618  -0.495  -0.786   0.370  -0.033   0.443   0.896   0.868  -0.431   0.245   0.055  -0.064
   23    1     0.362    16.468    29.574    25.179   0.329   0.780  -0.532  -0.784  -0.088  -0.615   0.526  -0.619  -0.583   0.318  -0.143
   24    1     0.207    35.457    10.343    27.513   0.117   0.951   0.284  -0.563   0.300  -0.770   0.818   0.070  -0.571   0.413   0.001
   25    0     0.230    32.612    18.197    24.064  -0.142  -0.373   0.917   0.575   0.723   0.384   0.806  -0.581  -0.112   0.160  -0.161
   26    1     0.128    33.717    17.967    33.108  -0.015  -0.441  -0.897   0.547  -0.755   0.362   0.837   0.485  -0.252   1.018   0.108
   27    1     0.199    22.169    28.633    25.017  -0.377  -0.020  -0.926  -0.641  -0.716   0.276   0.668  -0.698  -0.257   0.872   0.050
   28    0     0.197    34.240    11.994    25.927   0.091   0.567   0.819   0.460   0.705  -0.540   0.883  -0.425   0.197   0.127  -0.130
   29    0     0.158    37.017    15.545    24.801  -0.342  -0.048   0.938  -0.635  -0.724  -0.269  -0.692   0.688  -0.217   1.598   0.210
   30    1     0.159    34.418    18.334    32.874  -0.020  -0.599  -0.800   0.332  -0.759   0.560   0.943   0.255  -0.214   1.031  -0.052
   31    0     0.160    21.388    26.151    23.236   0.338   0.856   0.391   0.940  -0.326  -0.097  -0.044  -0.401   0.915  -0.073  -0.386
   32    0     0.171    22.531    25.398    23.583   0.423   0.758   0.497   0.697  -0.622   0.357  -0.579  -0.195   0.791  -0.190  -0.669
   33    1     0.106    39.205    14.152    32.405  -0.803   0.053  -0.594  -0.595  -0.134   0.792   0.038  -0.990  -0.139   2.424   1.037
   34    0     0.143    13.061    30.268    19.916   0.491   0.808   0.326   0.140   0.296  -0.945   0.860  -0.509  -0.032   0.142  -0.001
   35    1     0.223    30.227    12.467    28.019   0.620   0.782   0.069   0.655  -0.467  -0.594   0.432  -0.413   0.801   0.989  -0.005
   36    1     0.185    34.341    12.892    33.813   0.474   0.400  -0.785   0.802  -0.564   0.197   0.364   0.722   0.588   0.884   0.152
   37    1     0.122    37.618    12.309    32.978  -0.586   0.476  -0.656   0.338  -0.592  -0.732   0.736   0.651  -0.186   1.185   0.484
   38    1     0.158    36.285    13.182    33.702  -0.394   0.103  -0.913  -0.531  -0.836   0.134   0.750  -0.538  -0.384   0.222  -0.222
   39    1     0.161    39.515    13.941    26.886  -0.888  -0.156   0.432   0.057  -0.971  -0.233  -0.456   0.182  -0.871   0.719   0.145
   40    1     0.218    35.682    19.363    27.887  -0.452  -0.854   0.259   0.344   0.101   0.934   0.823  -0.511  -0.248   0.174  -0.330
   41    1     0.173    39.239    16.329    28.972  -0.961  -0.265   0.083   0.013   0.255   0.967   0.277  -0.930   0.242   0.307  -0.334
   42    1     0.207    37.226    18.376    28.075  -0.614  -0.732   0.295  -0.024   0.391   0.920   0.789  -0.558   0.258  -0.162  -0.406
   43    0     0.230    11.625    32.385    20.996   0.934   0.355   0.049   0.160  -0.535   0.830  -0.320   0.767   0.556  -0.041  -0.448
   44    0     0.134    14.430    30.919    17.609   0.474   0.644   0.600   0.708  -0.684   0.176  -0.524  -0.342   0.780  -0.053  -0.406
   45    0     0.308    19.333    38.542    20.664  -0.693  -0.707   0.145   0.474  -0.597  -0.647  -0.544   0.380  -0.748   0.179  -0.146
   46    1     0.247    19.957    31.407    25.649  -0.287  -0.103  -0.952  -0.894  -0.330   0.305   0.345  -0.938  -0.002   0.531   0.159
   47    1     0.163    39.629    11.866    29.441  -0.793   0.571  -0.212  -0.553  -0.529   0.644  -0.256  -0.628  -0.735   0.483   0.088
   48    1     0.269    31.982    12.128    31.200   0.659   0.505  -0.557  -0.592  -0.109  -0.799   0.464  -0.856  -0.227   0.139  -0.570
   49    1     0.214    34.081    20.125    29.942  -0.174  -0.966  -0.192  -0.706  -0.013   0.708   0.686  -0.259   0.680   0.596   0.077
   50    0     0.119    23.381    32.084    20.552  -0.984  -0.058   0.170  -0.005  -0.937  -0.349  -0.179   0.344  -0.922   1.838   0.212
   51    1     0.149    31.485    15.267    32.657   0.557  -0.002  -0.830  -0.068  -0.997  -0.044   0.828  -0.081   0.555   0.723   0.474
   52    1     0.129    32.224    20.981    27.504  -0.205  -0.979  -0.019  -0.509   0.090   0.856   0.836  -0.185   0.517   1.331   0.047
   53    0     0.176    24.532    25.933    23.950  -0.885  -0.462  -0.062  -0.200   0.255   0.946   0.421  -0.849   0.318   1.354   0.092
   54    0     0.181    11.300    33.828    20.454   0.979  -0.114   0.171  -0.199  -0.733   0.650  -0.051   0.670   0.740   0.295  -0.065
   55    1     0.180    22.147    25.993    24.641   0.245   0.173  -0.954   0.704  -0.708   0.053   0.666   0.685   0.295  -0.039  -2.679
   56    1     0.280    34.504    11.476    32.516   0.248   0.860  -0.445   0.764  -0.456  -0.457   0.596   0.227   0.770   0.408   0.122
   57    1     0.200    27.621    20.162    28.455   0.437  -0.261  -0.861   0.730  -0.456   0.509   0.525   0.851   0.009  -0.099  -1.338
   58    1     0.122    27.088    21.025    28.062   0.445  -0.179  -0.877   0.342  -0.871   0.352   0.827   0.457   0.327   0.401  -0.708
   59    0     0.260    19.358    34.042    16.200  -0.470  -0.084   0.879   0.566  -0.793   0.227  -0.677  -0.604  -0.420   0.396  -0.061
   60    1     0.215    28.351    15.733    28.048   0.903   0.377  -0.207   0.410  -0.605   0.683  -0.133   0.701   0.700   0.687   0.288
   61    0     0.208    28.505    17.994    24.810   0.384   0.397   0.834   0.753   0.389  -0.531   0.535  -0.832   0.150   0.167  -0.113
   62    1     0.116    39.796    12.689    29.664  -0.987   0.075  -0.139   0.137  -0.030  -0.990   0.079   0.997  -0.019  -0.023  -0.739
   63    1     0.197    34.867    10.235    28.716   0.168   0.986  -0.015   0.484  -0.095  -0.870   0.859  -0.139   0.493   0.307  -0.381
   64    0     0.228    18.831    34.517    16.094  -0.379  -0.225   0.898   0.647  -0.758   0.083  -0.662  -0.612  -0.432  -0.068  -0.241
   65    0     0.264    29.554    17.711    24.511   0.284   0.278   0.918   0.838   0.394  -0.379   0.466  -0.876   0.121   0.231  -0.142
   66    0     0.236    16.054    33.314    15.814   0.126   0.212   0.969   0.988  -0.110  -0.104  -0.085  -0.971   0.223   0.365  -0.057
   67    1     0.167    23.592    27.095    24.692  -0.410  -0.274  -0.870  -0.890  -0.090   0.448   0.201  -0.958   0.206   1.948  -0.011
   68    1     0.253    32.767    13.204    32.717   0.588   0.340  -0.734  -0.260  -0.780  -0.569   0.766  -0.526   0.370   0.098  -0.200
   69    0     0.319    30.866    17.207    24.269   0.272   0.213   0.938   0.933  -0.296  -0.204  -0.235  -0.931   0.279  -0.052  -0.166
   70    1     0.131    39.421    12.282    30.874  -0.701   0.547  -0.458  -0.629  -0.777   0.034   0.337  -0.312  -0.888   1.285   0.269
   71    1     0.198    29.879    13.600    30.018   0.838   0.331  -0.435   0.241  -0.938  -0.248   0.490  -0.103   0.866   0.500   0.153
   72    1     0.224    33.823    10.729    30.842   0.165   0.900  -0.402   0.339  -0.435  -0.834   0.926  -0.001   0.377   0.745   0.342
   73    1     0.244    31.768    16.100    32.664   0.560  -0.269  -0.784   0.025  -0.940   0.340   0.828   0.211   0.519   0.151  -0.312
   74    0     0.237    19.971    34.913    16.684  -0.500  -0.260   0.826   0.503   0.689   0.521   0.705  -0.676   0.214   0.385   0.088
   75    1     0.149    38.166    10.467    29.337  -0.311   0.941  -0.135  -0.352  -0.246  -0.903   0.883   0.233  -0.408   0.787   0.472
   76    0     0.181    23.177    32.038    20.165  -0.854   0.348   0.386  -0.407   0.014  -0.913   0.323   0.937  -0.130  -0.074  -0.460
   77    1     0.268    35.089    19.311    26.964  -0.383  -0.859   0.339   0.845  -0.178   0.503   0.372  -0.479  -0.795   0.031  -0.468
   78    1     0.174    33.145    12.587    32.788   0.549   0.520  -0.654   0.171  -0.836  -0.521   0.818  -0.175   0.548   0.805   0.491
   79    1     0.229    21.343    33.550    24.505  -0.516  -0.269  -0.813  -0.700  -0.416   0.581   0.494  -0.869  -0.026   0.355  -0.042
   80    0     0.217    11.621    37.344    21.005   0.818  -0.394   0.419  -0.543  -0.767   0.341  -0.187   0.507   0.842   0.543   0.256
   81    1     0.217    16.697    30.145    25.951   0.201   0.583  -0.787  -0.051  -0.796  -0.603   0.978  -0.162   0.130   1.065   0.044
   82    0     0.299    33.759    12.573    25.570   0.015   0.449   0.894   0.300   0.851  -0.432   0.954  -0.274   0.122   0.319   0.007
   83    0     0.133    19.335    27.164    24.161   0.386   0.839  -0.384  -0.260  -0.301  -0.917   0.885  -0.454  -0.102   2.071   0.011
   84    0     0.167    15.124    28.906    20.364   0.379   0.909   0.175   0.488  -0.036  -0.872   0.786  -0.416   0.457   2.228   0.340
   85    1     0.241    36.632    18.681    31.350  -0.357  -0.747  -0.560  -0.225  -0.514   0.828   0.907  -0.421  -0.015   0.082  -0.235
   86    1     0.207    13.781    30.769    24.577   0.546   0.607  -0.577  -0.663  -0.108  -0.741   0.512  -0.787  -0.343  -0.418  -0.456
   87    0     0.204    29.931    19.260    24.155   0.010  -0.170   0.985   0.613   0.780   0.128   0.790  -0.602  -0.112   0.917   0.113
   88    1     0.235    30.077    16.348    31.220   0.746  -0.010  -0.665  -0.228  -0.943  -0.241   0.625  -0.332   0.706   0.542  -0.114
   89    1     0.229    36.684    10.222    29.097  -0.162   0.985  -0.067  -0.191  -0.098  -0.977   0.968   0.145  -0.203   0.121  -0.154
   90    0     0.083    24.967    24.997    24.070  -0.871  -0.485   0.080   0.021   0.126   0.992   0.491  -0.866   0.099   1.528  -0.220
   91    1     0.282    17.513    36.083    25.739  -0.306  -0.346  -0.887  -0.801  -0.410   0.436   0.514  -0.844   0.152   0.080  -0.224
   92    1     0.242    36.323    10.322    30.140  -0.168   0.956  -0.242   0.173  -0.213  -0.962   0.971   0.203   0.129   0.209  -0.094
   93    1     0.259    32.490    19.128    31.762   0.354  -0.553  -0.755  -0.527  -0.784   0.327   0.773  -0.282   0.569   0.195  -0.134
   94    1     0.187    30.907    15.335    32.087   0.777   0.114  -0.619   0.630  -0.140   0.764  -0.001   0.984   0.181   0.120  -0.204
   95    1     0.114    23.921    25.568    25.055  -0.451  -0.489  -0.746   0.461  -0.844   0.275   0.764   0.220  -0.606  -0.516  -6.058
   96    0     0.371    14.881    29.218    20.949   0.540   0.826  -0.159  -0.566   0.217  -0.796   0.623  -0.520  -0.585  -0.061  -0.270
   97    0     0.180    24.313    25.281    23.507  -0.390   0.311   0.867  -0.910   0.018  -0.415   0.145   0.950  -0.276   0.453  -0.256
   98    1     0.194    21.105    26.695    24.583   0.240   0.375  -0.895  -0.616  -0.655  -0.439   0.751  -0.656  -0.074   2.030  -0.113
   99    0     0.311    33.278    14.961    24.527  -0.163   0.329   0.930  -0.889  -0.457   0.006  -0.427   0.826  -0.367   0.490   0.040
  100    1     0.227    14.646    37.517    25.629  -0.071  -0.551  -0.831  -0.375  -0.758   0.534   0.924  -0.350   0.152  -0.153  -0.288
  101    1     0.276    32.839    14.266    33.178   0.512   0.225  -0.829  -0.451  -0.751  -0.482   0.731  -0.620   0.283   0.450   0.030
  102    0     0.222    12.457    35.390    18.481   0.853  -0.250   0.458  -0.504  -0.170   0.847   0.134   0.953   0.271   0.211  -0.327
  103    1     0.203    30.034    21.555    26.535  -0.285  -0.945   0.160   0.923  -0.225   0.313   0.260  -0.237  -0.936   0.032  -1.050
  104    0     0.306    22.892    33.607    21.347  -0.922  -0.386  -0.019   0.262  -0.589  -0.765  -0.285   0.710  -0.644   0.176  -0.243
  105    1     0.145    34.425    13.508    34.049   0.399  -0.008  -0.917  -0.867  -0.328  -0.375   0.297  -0.945   0.138   0.953   0.430
  106    1     0.191    26.112    20.522    26.289   0.900   0.411  -0.146   0.032  -0.396  -0.918   0.435  -0.821   0.370   0.881  -0.115
  107    1     0.101    38.680    10.872    27.669  -0.674   0.606   0.422  -0.697  -0.711  -0.093  -0.243   0.357  -0.902   1.294   0.872
  108    1     0.250    31.969    13.948    32.425   0.522   0.339  -0.783  -0.148  -0.868  -0.474   0.840  -0.363   0.403  -0.074  -0.228
  109    1     0.287    28.403    21.621    27.974  -0.109  -0.781  -0.615  -0.395  -0.534   0.748   0.912  -0.324   0.250   1.567   0.237
  110    1     0.150    36.366    19.065    30.953  -0.365  -0.880  -0.304   0.090  -0.359   0.929   0.927  -0.312  -0.210   0.824   0.235
  111    0     0.145    25.890    23.882    24.634  -0.631  -0.320   0.707   0.388   0.659   0.644   0.672  -0.680   0.291   6.033  -0.017
  112    1     0.217    39.675    14.249    29.577  -0.988  -0.113  -0.102   0.115  -0.121  -0.986  -0.099   0.986  -0.133   0.057  -0.424
  113    1     0.244    17.868    29.849    25.945  -0.017   0.550  -0.835  -0.722  -0.585  -0.370   0.692  -0.596  -0.407   1.045   0.256
  114    0     0.217    16.286    30.641    16.949   0.019   0.647   0.762  -0.782   0.485  -0.392   0.623   0.588  -0.515   0.467  -0.035
  115    1     0.274    31.172    12.291    30.235   0.674   0.620  -0.400  -0.410  -0.137  -0.902   0.614  -0.772  -0.162   0.083  -0.400
  116    1     0.275    31.108    18.793    31.333   0.427  -0.461  -0.778  -0.904  -0.189  -0.384  -0.030  -0.867   0.497   0.164  -0.107
  117    1     0.105    25.455    22.085    26.589   0.795   0.413  -0.443  -0.058  -0.676  -0.735   0.603  -0.610   0.514   2.308  -0.060
  118    0     0.159    27.884    19.034    24.579   0.336   0.311   0.889   0.620   0.637  -0.457   0.709  -0.705  -0.021   0.585   0.076
  119    1     0.197    21.971    31.649    24.486  -0.693  -0.170  -0.701  -0.361  -0.759   0.541   0.624  -0.628  -0.465   0.060  -0.423
  120    0     0.253    30.999    16.229    24.415   0.352   0.200   0.914   0.499   0.787  -0.364   0.792  -0.584  -0.177   0.173  -0.258
  121    1     0.303    30.717    16.924    31.698   0.576  -0.203  -0.792  -0.816  -0.076  -0.573  -0.056  -0.976   0.209   0.215  -0.313
  122    1     0.213    34.124    12.083    33.063   0.461   0.624  -0.631   0.274  -0.777  -0.567   0.844  -0.089   0.529   0.358   0.171
  123    1     0.231    33.715    11.688    32.185   0.412   0.736  -0.538   0.557  -0.670  -0.490   0.721   0.097   0.686   0.187  -0.274
  124    0     0.155    31.681    20.243    25.125  -0.282  -0.719   0.636   0.886   0.059   0.460   0.368  -0.693  -0.620   0.490  -0.584
  125    1     0.229    18.859    27.767    24.487   0.289   0.536  -0.793   0.848  -0.527  -0.047   0.443   0.659   0.607   0.129  -0.508
  126    0     0.158    36.723    16.589    24.898  -0.414  -0.312   0.855   0.426   0.764   0.485   0.804  -0.565   0.183   0.704   0.020
  127    1     0.231    31.334    12.126    26.874   0.406   0.757   0.512  -0.015   0.565  -0.825   0.914  -0.327  -0.241   1.002   0.259
  128    0     0.186    12.037    32.918    18.350   0.821   0.072   0.566  -0.344  -0.730   0.591  -0.456   0.680   0.575   0.300  -0.025
  129    1     0.215    20.341    28.677    25.386   0.049   0.370  -0.928  -0.997  -0.035  -0.067   0.057  -0.928  -0.367   0.915   0.274
  130    0     0.154    19.696    38.060    23.079  -0.642  -0.681  -0.353  -0.424  -0.068   0.903   0.639  -0.729   0.246   0.826  -0.025
  131    0     0.348    33.297    16.210    24.119  -0.215   0.291   0.932   0.234   0.942  -0.240   0.948  -0.166   0.270   0.261   0.082
  132    1     0.220    18.800    37.332    24.502  -0.499  -0.494  -0.712  -0.193  -0.737   0.647   0.845  -0.461  -0.273   0.105  -0.182
  133    1     0.111    39.148    10.992    28.863  -0.798   0.601  -0.047   0.195   0.184  -0.963   0.570   0.778   0.264   1.293   0.264
  134    1     0.258    31.517    21.050    26.689  -0.447  -0.860   0.244  -0.658   0.501   0.562   0.606  -0.090   0.791   0.335  -0.402
  135    1     0.131    33.621    18.695    32.506   0.040  -0.694  -0.719  -0.770  -0.479   0.421   0.637  -0.537   0.554   0.318  -0.122
  136    0     0.285    11.723    31.988    22.024   0.939   0.338  -0.069   0.110  -0.483  -0.869   0.327  -0.808   0.490   0.291  -0.028
  137    1     0.168    37.319    18.555    31.089  -0.579  -0.740  -0.342   0.751  -0.320  -0.577  -0.318   0.591  -0.741   0.803   0.414
  138    1     0.242    37.537    17.414    26.488  -0.646  -0.655   0.392  -0.246   0.664   0.706   0.723  -0.359   0.590   0.121  -0.066
  139    1     0.229    30.410    19.034    30.749   0.462  -0.523  -0.716  -0.075  -0.828   0.556   0.884   0.203   0.422   0.366  -0.096
  140    1     0.246    32.992    20.151    30.152  -0.145  -0.947  -0.286   0.151  -0.307   0.940   0.978  -0.093  -0.188  -0.109  -0.627
  141    0     0.229    27.620    21.790    24.753  -0.469  -0.531   0.706   0.287   0.664   0.691   0.835  -0.527   0.159   0.275  -0.158
  142    0     0.185    22.285    34.115    23.410  -0.871  -0.301  -0.388  -0.263  -0.382   0.886   0.414  -0.874  -0.254   0.849   0.375
  143    0     0.062    25.100    23.107    24.176   0.335   0.410   0.849   0.727   0.460  -0.509   0.599  -0.788   0.144   6.010  -0.053
  144    1     0.180    26.670    20.250    27.632   0.878   0.277  -0.391   0.474  -0.373   0.798  -0.075   0.885   0.459   0.141  -0.359
  145    0     0.196    33.539    17.488    23.957  -0.236  -0.133   0.963   0.277  -0.959  -0.064  -0.932  -0.251  -0.263   1.016   0.207
  146    1     0.189    37.190    18.807    30.475  -0.410  -0.898  -0.162   0.012  -0.182   0.983   0.912  -0.401  -0.085   0.249   0.160
  147    0     0.208    11.797    31.826    19.701   0.959   0.260   0.114   0.231  -0.478  -0.847   0.166  -0.839   0.519   0.621   0.129
  148    0     0.191    29.413    15.442    25.497   0.623   0.471   0.624   0.604   0.217  -0.767   0.497  -0.855   0.149   0.397  -0.180
  149    0     0.173    12.426    34.633    18.036   0.746  -0.267   0.610  -0.502   0.377   0.779   0.438   0.887  -0.147   0.713   0.161
  150    1     0.162    22.957    26.614    24.968  -0.085  -0.122  -0.989  -0.800  -0.583   0.140   0.594  -0.803   0.048   1.644  -0.060
  151    0     0.182    15.563    29.946    17.634   0.216   0.788   0.577  -0.688   0.542  -0.482   0.693   0.293  -0.659   1.437   0.852
  152    0     0.192    15.508    34.436    16.079   0.213  -0.388   0.897   0.229   0.912   0.340   0.950  -0.133  -0.284   0.455   0.182
  153    1     0.173    14.210    35.951    26.598  -0.014  -0.171  -0.985  -0.107  -0.979   0.171   0.994  -0.108   0.005   1.172   0.612
  154    1     0.204    35.925    10.432    30.596   0.118   0.914  -0.389   0.956  -0.210  -0.205   0.269   0.348   0.898   0.417  -0.238
  155    0     0.291    30.701    13.749    25.705   0.398   0.636   0.661   0.917  -0.258  -0.303   0.022  -0.727   0.686   0.284   0.063
  156    1     0.127    30.213    12.636    28.675   0.731   0.680  -0.065  -0.418   0.371  -0.829   0.539  -0.633  -0.555   0.027  -1.307
  157    0     0.213    31.526    15.292    24.369   0.252   0.311   0.916   0.937   0.160  -0.312   0.243  -0.937   0.251   0.781   0.470
  158    0     0.301    33.421    19.079    24.907  -0.476  -0.723   0.501   0.192   0.470   0.861   0.858  -0.506   0.085   0.191  -0.063
  159    1     0.181    37.805    16.729    32.641  -0.324  -0.449  -0.833  -0.894  -0.143   0.425   0.309  -0.882   0.355   1.141   0.401
  160    0     0.120    20.294    37.532    22.827  -0.697  -0.707  -0.124  -0.206   0.032   0.978   0.687  -0.707   0.168   0.332  -0.306
  161    0     0.372    31.797    12.798    26.083   0.362   0.602   0.712   0.888   0.011  -0.461   0.285  -0.798   0.530  -0.016  -0.211
  162    1     0.179    35.863    12.404    33.496  -0.180   0.522  -0.834   0.643  -0.579  -0.501   0.744   0.626   0.232  -0.118  -0.443
  163    1     0.106    25.189    22.538    26.368   0.478  -0.258  -0.839  -0.646  -0.751  -0.137   0.595  -0.608   0.526   1.218   0.242
  164    1     0.112    37.775    14.465    33.202  -0.403  -0.049  -0.914  -0.299  -0.937   0.182   0.865  -0.346  -0.363  -0.324  -0.766
  165    0     0.196    18.693    32.176    16.248  -0.185   0.398   0.899  -0.130   0.896  -0.424   0.974   0.195   0.114   0.202   0.148
  166    1     0.217    35.716    11.125    32.049   0.119   0.916  -0.382  -0.945  -0.013  -0.326   0.304  -0.400  -0.865  -0.087  -0.434
  167    1     0.297    13.733    35.273    26.526   0.093  -0.011  -0.996   0.971  -0.221   0.093   0.221   0.975   0.010   0.100  -0.148
  168    0     0.244    14.821    32.062    16.487   0.401   0.293   0.868   0.743  -0.658  -0.121  -0.536  -0.694   0.481   0.488   0.337
  169    1     0.225    35.554    15.369    33.706  -0.168  -0.309  -0.936  -0.983  -0.016   0.182   0.071  -0.951   0.301   0.493   0.010
  170    0     0.210    34.726    18.144    24.764  -0.437  -0.664   0.606   0.137   0.617   0.775   0.889  -0.422   0.179   0.579  -0.056
  171    0     0.237    23.295    28.242    23.824  -0.902  -0.360  -0.239   0.316  -0.927   0.204   0.295  -0.109  -0.949  -0.206  -0.698
  172    1     0.149    30.706    12.107    28.950   0.653   0.744  -0.143   0.491  -0.560  -0.667   0.576  -0.366   0.731   0.714   0.347
  173    0     0.277    32.546    13.407    25.195   0.221   0.545   0.809   0.816   0.351  -0.459   0.534  -0.762   0.367   0.715   0.089
  174    0     0.277    29.098    21.132    25.048  -0.343  -0.612   0.713   0.351   0.621   0.701   0.871  -0.491  -0.001  -0.054  -0.094
  175    0     0.185    27.553    20.876    24.507  -0.014  -0.059   0.998   0.999   0.036   0.016   0.037  -0.998  -0.059  -0.030  -0.489
  176    0     0.234    30.828    18.294    24.031   0.137   0.021   0.990  -0.537  -0.838   0.092  -0.832   0.545   0.104   0.975  -0.047
  177    0     0.233    31.168    19.180    24.286  -0.110  -0.377   0.920   0.062   0.921   0.385   0.992  -0.099   0.078   0.224  -0.205
  178    1     0.247    28.184    16.614    28.328   0.906   0.264  -0.330  -0.371   0.122  -0.921   0.203  -0.957  -0.208   0.370  -0.063
  179    0     0.160    37.693    13.688    25.311  -0.209   0.234   0.950  -0.931   0.248  -0.266   0.298   0.940  -0.166   0.854   0.179
  180    0     0.125    29.270    16.125    25.132   0.483   0.363   0.797   0.527   0.606  -0.596   0.699  -0.708  -0.102   0.849   0.215
  181    0     0.173    20.291    35.938    17.325  -0.545  -0.472   0.693   0.205  -0.876  -0.436  -0.813   0.096  -0.574   1.616   0.008
  182    0     0.422    13.439    30.034    21.308   0.398   0.909  -0.120  -0.202  -0.041  -0.979   0.895  -0.414  -0.167   0.019  -0.108
  183    0     0.182    10.843    36.459    23.377   0.958  -0.172   0.228  -0.108  -0.957  -0.270  -0.264  -0.234   0.936   0.594  -0.252
  184    1     0.162    38.009    12.923    32.964  -0.555   0.265  -0.789   0.533  -0.615  -0.581   0.639   0.743  -0.200   0.959   0.203
  185    0     0.214    12.548    33.696    17.728   0.698  -0.069   0.713  -0.639  -0.510   0.576  -0.324   0.857   0.400   0.362   0.026
  186    0     0.143    32.970    19.080    24.616  -0.310  -0.508   0.804   0.584   0.565   0.582   0.750  -0.650  -0.121   0.523  -0.406
  187    0     0.329    22.016    31.395    18.620  -0.709   0.406   0.577  -0.673  -0.147  -0.725   0.209   0.902  -0.377   0.147  -0.030
  188    1     0.260    17.378    29.492    25.432   0.244   0.729  -0.640  -0.032  -0.654  -0.756   0.969  -0.205   0.136  -0.096  -0.128
  189    1     0.241    30.051    17.454    31.036   0.630  -0.069  -0.774  -0.634  -0.621  -0.461   0.448  -0.781   0.434  -0.034  -0.283
  190    0     0.165    12.466    32.054    17.956   0.801   0.271   0.533   0.585  -0.166  -0.794   0.127  -0.948   0.292   1.117   0.128
  191    0     0.241    38.191    12.694    25.878  -0.433   0.402   0.807  -0.897  -0.275  -0.345  -0.083   0.873  -0.480   0.576   0.228
  192    1     0.163    13.340    33.102    26.225   0.683   0.281  -0.674  -0.720   0.103  -0.686   0.123  -0.954  -0.273   1.576   0.059
  193    0     0.228    32.140    15.488    24.281   0.017   0.306   0.952  -0.753   0.630  -0.189   0.658   0.714  -0.241   0.152  -0.244
  194    0     0.168    19.532    29.432    18.708  -0.188   0.799   0.571   0.034   0.586  -0.810   0.982   0.133   0.138   0.280  -0.344
  195    1     0.292    29.965    20.942    28.340  -0.028  -0.799  -0.601  -0.530  -0.498   0.687   0.848  -0.337   0.409   0.594  -0.250
  196    0     0.329    16.320    37.396    17.836   0.272  -0.743   0.612   0.673   0.601   0.430   0.688  -0.295  -0.664   0.238   0.011
  197    1     0.317    27.967    17.913    28.785   0.850   0.300  -0.433  -0.294  -0.414  -0.862   0.437  -0.860   0.263   0.323  -0.057
  198    1     0.188    35.599    10.642    26.870   0.150   0.763   0.629   0.345   0.556  -0.756   0.926  -0.331   0.180   0.310  -0.196
  199    1     0.187    11.186    35.156    24.627   0.904   0.230  -0.361   0.257  -0.966   0.028   0.342   0.118   0.932   0.201  -0.077
  200    0     0.145    24.090    26.696    23.244  -0.907  -0.397   0.142   0.066  -0.467  -0.882  -0.416   0.790  -0.450   1.199   0.028
  201    1     0.287    31.294    11.697    28.610   0.530   0.845   0.074   0.073   0.041  -0.996   0.845  -0.533   0.040   0.532  -0.034
  202    1     0.118    13.772    32.465    26.185   0.394   0.401  -0.827  -0.548  -0.619  -0.562   0.738  -0.675   0.024   0.840   0.128
  203    1     0.241    30.206    15.479    31.187   0.776   0.128  -0.618  -0.623   0.001  -0.782   0.100  -0.992  -0.080  -0.139  -0.208
  204    1     0.266    18.021    34.064    26.147  -0.252  -0.127  -0.959  -0.966  -0.021   0.256   0.053  -0.992   0.118   1.029   0.044
  205    1     0.195    22.590    29.589    24.591  -0.701  -0.262  -0.663  -0.619  -0.239   0.748   0.354  -0.935  -0.005   1.562  -0.019
  206    0     0.149    18.028    39.540    22.049  -0.375  -0.927  -0.005   0.926  -0.375  -0.037  -0.032   0.019  -0.999   0.681   0.292
  207    1     0.262    28.696    16.561    29.351   0.873   0.200  -0.445  -0.427  -0.129  -0.895   0.236  -0.971   0.027   0.013  -0.318
  208    0     0.289    17.973    27.889    22.314   0.353   0.909   0.222  -0.109   0.276  -0.955   0.929  -0.313  -0.197  -0.007  -0.361
  209    0     0.202    15.775    32.256    16.159   0.240   0.310   0.920  -0.192   0.944  -0.268   0.952   0.112  -0.286   0.246  -0.058
  210    0     0.114    23.426    31.736    21.324  -0.980   0.165   0.110  -0.198  -0.780  -0.593   0.012   0.603  -0.797   1.062  -0.015
  211    1     0.213    39.598    15.249    29.917  -0.977  -0.182  -0.113   0.182  -0.983   0.015   0.114   0.006  -0.993   0.627  -0.030
  212    1     0.160    21.975    34.107    23.760  -0.662  -0.294  -0.690   0.604  -0.754  -0.257   0.445   0.587  -0.677   0.511   0.036
  213    1     0.293    34.455    10.561    30.239   0.157   0.951  -0.265  -0.565  -0.134  -0.814   0.810  -0.277  -0.516   0.208  -0.509
  214    1     0.205    38.760    12.340    31.789  -0.582   0.555  -0.593  -0.611  -0.781  -0.131   0.536  -0.287  -0.794   0.517   0.334
  215    1     0.242    33.635    12.952    33.237   0.559   0.296  -0.775   0.278  -0.947  -0.162   0.781   0.125   0.612   0.083  -0.323
  216    1     0.194    28.837    14.399    27.297   0.870   0.492  -0.002   0.213  -0.380  -0.900   0.444  -0.783   0.436   1.171   0.167
  217    1     0.191    38.402    11.191    27.067  -0.464   0.594   0.657  -0.823  -0.563  -0.073  -0.327   0.575  -0.750   0.420   0.142
  218    1     0.250    33.908    13.979    33.719   0.526   0.082  -0.846  -0.331  -0.897  -0.293   0.783  -0.435   0.445   0.373  -0.327
  219    0     0.159    12.569    30.640    19.840   0.696   0.671   0.257   0.603  -0.350  -0.717   0.391  -0.654   0.648   0.487   0.316
  220    1     0.190    21.041    30.018    25.499  -0.416  -0.146  -0.898  -0.796  -0.419   0.437   0.440  -0.896  -0.058   0.890   0.434
  221    1     0.206    28.734    21.850    27.086  -0.187  -0.912  -0.365   0.913  -0.299   0.279   0.364   0.281  -0.888  -0.103  -0.826
  222    0     0.464    14.414    29.765    22.450   0.465   0.879  -0.104  -0.364   0.083  -0.928   0.807  -0.469  -0.359  -0.143  -0.238
  223    1     0.162    32.302    11.128    28.159   0.558   0.797   0.232  -0.169   0.382  -0.908   0.813  -0.468  -0.348   0.499  -0.093
  224    0     0.448    15.359    37.965    18.953   0.254  -0.684   0.684  -0.864  -0.479  -0.159  -0.436   0.550   0.712  -0.024  -0.201
  225    0     0.151    13.893    38.411    20.077   0.352  -0.719   0.599  -0.936  -0.249   0.250   0.030   0.648   0.761  -0.294  -0.610
  226    0     0.198    12.883    34.466    17.638   0.531  -0.241   0.813  -0.636  -0.747   0.193  -0.561   0.619   0.550   0.117  -0.053
  227    0     0.132    18.910    38.992    22.057  -0.559  -0.829   0.024   0.482  -0.301   0.823   0.675  -0.471  -0.568   0.159  -0.219
  228    1     0.116    29.275    13.701    27.451   0.779   0.507   0.369   0.348   0.140  -0.927   0.522  -0.850   0.067   3.241   0.004
  229    0     0.228    18.512    39.216    20.067  -0.508  -0.835   0.210   0.820  -0.393   0.417   0.265  -0.384  -0.884   0.984   0.458
  230    1     0.120    38.963    10.898    28.274  -0.541   0.828   0.148  -0.774  -0.559   0.298  -0.329  -0.046  -0.943   1.723   0.018
  231    1     0.123    11.548    37.848    25.018   0.542  -0.752  -0.376   0.313  -0.235   0.920   0.780   0.616  -0.108   1.767   1.068
  232    0     0.263    17.364    33.260    15.869  -0.008   0.233   0.972  -0.994   0.107  -0.034   0.112   0.966  -0.231  -0.199  -0.426
  233    0     0.272    37.731    11.674    26.292  -0.317   0.536   0.782  -0.815   0.267  -0.514   0.485   0.800  -0.352   0.445   0.173
  234    0     0.114    11.652    33.368    18.962   0.921  -0.002   0.389   0.126  -0.945  -0.302  -0.368  -0.327   0.870   0.543   0.166
  235    1     0.271    36.498    15.390    33.414  -0.204  -0.368  -0.907  -0.239  -0.880   0.410   0.949  -0.300  -0.092   0.029  -0.472
  236    1     0.144    37.573    10.363    27.903  -0.192   0.972   0.133  -0.753  -0.059  -0.655   0.629   0.226  -0.744   0.572   0.238
  237    1     0.209    28.291    16.364    26.072   0.766   0.435   0.473   0.270   0.450  -0.851   0.583  -0.780  -0.227   0.355   0.147
  238    0     0.299    14.370    36.343    17.714   0.301  -0.624   0.722   0.459   0.758   0.464   0.836  -0.191  -0.514   0.216  -0.241
  239    0     0.218    20.530    32.385    16.931  -0.402   0.306   0.863  -0.001  -0.942   0.334  -0.915  -0.134  -0.380   0.750  -0.231
  240    0     0.295    11.974    32.604    23.606   0.937   0.272  -0.222   0.194  -0.928  -0.318   0.292  -0.255   0.922  -0.269  -0.375
  241    1     0.264    28.483    19.007    29.390   0.572  -0.288  -0.768  -0.340  -0.935   0.097   0.746  -0.206   0.633   0.362  -0.361
  242    1     0.199    32.304    16.013    33.084   0.474   0.022  -0.880   0.622  -0.716   0.317   0.623   0.698   0.353   0.543  -0.252
  243    0     0.165    11.411    33.505    19.632   0.972   0.066   0.225   0.033  -0.988   0.148  -0.232   0.136   0.963   1.046   0.238
  244    0     0.177    21.629    33.717    17.475  -0.774  -0.297   0.560   0.557  -0.740   0.377  -0.303  -0.603  -0.738   0.240  -0.529
  245    0     0.339    16.563    28.349    21.771   0.304   0.946   0.110   0.725  -0.155  -0.672   0.618  -0.284   0.733   0.635  -0.060
  246    0     0.213    17.658    31.640    16.353  -0.159   0.448   0.880  -0.077   0.883  -0.463   0.984   0.141   0.106   0.153  -0.236
  247    0     0.159    26.730    21.459    24.480   0.196   0.274   0.941   0.921   0.279  -0.273   0.338  -0.920   0.197   0.526  -0.427
  248    0     0.190    36.727    11.376    26.221  -0.203   0.566   0.799   0.271   0.817  -0.510   0.941  -0.113   0.319   0.175  -0.063
  249    1     0.194    39.712    13.986    28.742  -0.988  -0.155   0.011   0.020  -0.058   0.998   0.154  -0.986  -0.060  -0.125  -0.641
  250    0     0.242    11.727    36.614    20.454   0.890  -0.145   0.433  -0.198  -0.977   0.079  -0.411   0.156   0.898   0.246  -0.118
  251    0     0.244    20.921    36.924    22.988  -0.820  -0.519  -0.241  -0.022  -0.392   0.920   0.572  -0.759  -0.310   1.226   0.530
  252    1     0.146    38.026    17.303    31.639  -0.707  -0.515  -0.484  -0.468  -0.171   0.867   0.530  -0.840   0.120  -0.149  -0.675
  253    0     0.171    24.203    24.475    23.720   0.035   0.443   0.896   0.836   0.478  -0.269   0.547  -0.759   0.354   2.714   0.008
  254    1     0.199    38.753    17.268    30.119  -0.808  -0.543  -0.229   0.556  -0.831   0.010   0.196   0.119  -0.973   0.214  -0.059
  255    0     0.184    34.455    17.649    24.316  -0.343  -0.259   0.903   0.245   0.903   0.352   0.907  -0.342   0.246   0.790  -0.119
  256    0     0.206    11.522    32.857    20.005   0.949   0.288   0.126  -0.001  -0.397   0.918  -0.315   0.871   0.376   0.161  -0.312
  257    1     0.182    33.405    17.306    33.324  -0.024  -0.288  -0.957  -0.991  -0.116   0.060   0.129  -0.950   0.283   0.830  -0.091
  258    1     0.233    13.157    32.290    25.618   0.647   0.429  -0.630   0.658  -0.732   0.177   0.386   0.529   0.756   0.777   0.086
  259    1     0.212    39.040    14.877    26.648  -0.847  -0.389   0.363   0.160  -0.836  -0.524  -0.507   0.386  -0.770  -0.009  -0.218
  260    1     0.225    28.254    18.251    29.272   0.728   0.053  -0.684  -0.353  -0.826  -0.440   0.588  -0.562   0.582   0.385  -0.233
  261    0     0.119    25.892    23.061    24.380  -0.340  -0.216   0.915   0.754  -0.644   0.128  -0.562  -0.734  -0.381  -0.128  -1.003
  262    1     0.213    35.604    19.044    31.536  -0.350  -0.811  -0.469   0.442  -0.585   0.680   0.826  -0.030  -0.563   0.293  -0.155
  263    0     0.188    22.883    27.379    21.796  -0.564   0.347   0.749  -0.825  -0.261  -0.501  -0.022   0.901  -0.433   0.371  -0.161
  264    1     0.192    39.591    14.141    30.446  -0.990  -0.044  -0.137  -0.108  -0.403   0.909   0.095  -0.914  -0.394   0.164  -0.344
  265    1     0.264    34.036    10.439    29.118   0.144   0.972  -0.185   0.592  -0.234  -0.771   0.793  -0.001   0.609  -0.119  -0.529
  266    0     0.161    17.376    32.389    15.994  -0.084   0.236   0.968  -0.453   0.856  -0.248   0.887   0.460  -0.035   0.590  -0.082
  267    1     0.089    11.404    36.682    25.554   0.599  -0.352  -0.719  -0.695  -0.675  -0.248   0.398  -0.648   0.649   1.628   0.006
  268    1     0.149    29.855    13.253    29.483   0.832   0.476  -0.285   0.542  -0.587   0.601  -0.119   0.655   0.747   0.355  -0.337
  269    0     0.288    13.948    29.707    20.037   0.500   0.863   0.068  -0.076   0.121  -0.990   0.863  -0.490  -0.126   0.656  -0.209
  270    1     0.288    33.814    19.859    26.868  -0.420  -0.816   0.398   0.906  -0.353   0.233   0.049  -0.458  -0.887  -0.093  -0.383
  271    1     0.176    37.208    12.887    33.317  -0.338   0.123  -0.933   0.692  -0.639  -0.335   0.638   0.759  -0.131   0.104  -0.255
  272    1     0.207    23.383    24.583    24.776   0.376   0.063  -0.924   0.596  -0.780   0.189   0.709   0.622   0.331   0.379  -1.224
  273    1     0.230    17.146    32.285    26.425  -0.188  -0.125  -0.974   0.974  -0.150  -0.169   0.125   0.981  -0.150   0.005  -0.321
  274    0     0.163    20.644    36.638    23.377  -0.807  -0.351  -0.475   0.400  -0.916  -0.002   0.435   0.192  -0.880  -0.083  -1.438
  275    0     0.173    19.152    29.886    18.074  -0.246   0.655   0.714  -0.024   0.733  -0.680   0.969   0.184   0.164   0.157  -0.000
  276    1     0.133    25.222    22.015    25.986   0.816   0.478  -0.326  -0.374   0.006  -0.927   0.441  -0.878  -0.183   0.233  -0.193
  277    0     0.254    19.958    29.784    18.461  -0.354   0.555   0.752  -0.525  -0.784   0.331  -0.774   0.278  -0.570   0.627   0.022
  278    0     0.176    13.127    37.387    19.253   0.427  -0.702   0.570  -0.826  -0.559  -0.070  -0.368   0.441   0.819   0.014  -0.134
  279    0     0.205    15.237    39.774    22.171   0.049  -0.980   0.191  -0.594   0.125   0.794   0.803   0.152   0.577   0.494   0.038
  280    1     0.214    26.055    20.937    26.613   0.876   0.358  -0.324   0.483  -0.659   0.577   0.007   0.661   0.750  -0.168  -0.337
  281    1     0.324    33.353    11.135    27.165   0.352   0.767   0.536   0.873  -0.062  -0.484   0.338  -0.638   0.692  -0.001  -0.167
  282    1     0.217    29.093    14.926    28.975   0.907   0.353  -0.231  -0.308   0.179  -0.934   0.288  -0.918  -0.271   0.132  -0.417
  283    1     0.217    28.912    15.508    26.062   0.704   0.482   0.521   0.708  -0.421  -0.567   0.054  -0.768   0.638   0.058  -0.233
  284    1     0.235    35.434    10.145    29.840   0.198   0.953  -0.228   0.073  -0.246  -0.967   0.977  -0.175   0.118   0.570   0.478
  285    0     0.129    16.935    31.683    16.173  -0.015   0.415   0.910  -0.999  -0.054   0.008  -0.052   0.908  -0.415   0.699   0.507
  286    1     0.217    35.118    14.165    34.119  -0.012  -0.247  -0.969  -0.923  -0.371   0.106   0.385  -0.895   0.224   0.514  -0.062
