< Point NoPoints    1728>
< id domain_id area X Y Z Nx Ny Nz P1x P1y P1z P2x P2y P2z C1 C2  >
< Inner >
    0    0   0.195  22.500  15.000   9.355  -0.000  -0.000  -1.000   0.986  -0.165  -0.000   0.165   0.986  -0.000   0.004  -0.001
    1    0   0.196   1.875   0.000   9.352  -0.000   0.000  -1.000  -0.318  -0.948  -0.000   0.948  -0.318  -0.000  -0.002  -0.003
    2    0   0.195   3.751   0.000   9.353   0.001   0.000  -1.000   0.967  -0.254   0.001   0.254   0.967   0.000   0.001  -0.002
    3    0   0.195   5.624   0.000   9.354  -0.001   0.000  -1.000  -0.978  -0.211   0.001   0.211  -0.978  -0.000   0.002  -0.002
    4    0   0.195   7.501   0.000   9.352   0.001   0.000  -1.000   0.249  -0.968  -0.000   0.968   0.249   0.001  -0.002  -0.004
    5    0   0.195   9.375   0.000   9.354  -0.000   0.000  -1.000   1.000  -0.004  -0.000   0.004   1.000   0.000   0.004  -0.002
    6    0   0.196  11.250   0.000   9.352  -0.000   0.000  -1.000  -0.364  -0.931  -0.000   0.931  -0.364  -0.000  -0.002  -0.003
    7    0   0.195  13.126   0.000   9.353   0.001   0.000  -1.000   0.960  -0.280   0.001   0.280   0.960   0.000   0.001  -0.002
    8    0   0.195  14.999   0.000   9.354  -0.001   0.000  -1.000  -0.981  -0.194   0.001   0.194  -0.981  -0.000   0.002  -0.002
    9    0   0.195  16.876   0.000   9.352   0.001   0.000  -1.000   0.216  -0.976  -0.000   0.976   0.216   0.001  -0.002  -0.004
   10    0   0.195  18.750   0.000   9.354  -0.000   0.000  -1.000   1.000  -0.014  -0.000   0.014   1.000   0.000   0.004  -0.002
   11    0   0.195  20.625   0.000   9.352   0.000   0.000  -1.000  -0.299  -0.954  -0.000   0.954  -0.299   0.000  -0.001  -0.005
   12    0   0.195   0.937   1.667   9.355  -0.001   0.001  -1.000  -0.999  -0.048   0.001   0.048  -0.999  -0.001   0.003   0.001
   13    0   0.195   2.813   1.667   9.353   0.001   0.000  -1.000   0.004  -1.000  -0.000   1.000   0.004   0.001   0.001  -0.003
   14    0   0.195   4.688   1.667   9.356   0.000   0.001  -1.000  -1.000  -0.010  -0.000   0.010  -1.000  -0.001   0.004   0.002
   15    0   0.195   6.562   1.667   9.353  -0.001   0.001  -1.000   0.004  -1.000  -0.001   1.000   0.004  -0.001   0.001  -0.003
   16    0   0.195   8.439   1.667   9.355   0.001   0.001  -1.000  -0.017  -1.000  -0.001   1.000  -0.017   0.001   0.001   0.001
   17    0   0.195  10.311   1.667   9.355  -0.001   0.001  -1.000  -0.989  -0.147   0.001   0.147  -0.989  -0.001   0.002   0.001
   18    0   0.195  12.188   1.667   9.353   0.001   0.000  -1.000   0.005  -1.000  -0.000   1.000   0.005   0.001   0.001  -0.003
   19    0   0.195  14.063   1.667   9.356   0.000   0.001  -1.000  -1.000  -0.010  -0.000   0.010  -1.000  -0.001   0.004   0.002
   20    0   0.195  15.936   1.667   9.353  -0.001   0.001  -1.000   0.004  -1.000  -0.001   1.000   0.004  -0.001   0.001  -0.003
   21    0   0.195  17.814   1.667   9.355   0.001   0.001  -1.000  -0.006  -1.000  -0.001   1.000  -0.006   0.001   0.001   0.001
   22    0   0.195  19.686   1.667   9.355  -0.001   0.001  -1.000   0.996  -0.093  -0.001   0.093   0.996   0.000   0.002   0.002
   23    0   0.195  21.563   1.667   9.353   0.001   0.001  -1.000   0.032  -0.999  -0.000   0.999   0.032   0.001  -0.001  -0.003
   24    0   0.195   0.001   3.332   9.356   0.000  -0.001  -1.000  -1.000  -0.000  -0.000   0.000  -1.000   0.001   0.004   0.003
   25    0   0.195   1.874   3.332   9.353  -0.001  -0.001  -1.000   0.000  -1.000   0.001   1.000   0.000  -0.001   0.000  -0.003
   26    0   0.195   3.752   3.332   9.355   0.001  -0.001  -1.000  -1.000  -0.000  -0.001   0.000  -1.000   0.001   0.001   0.001
   27    0   0.195   5.624   3.332   9.355  -0.001  -0.001  -1.000   1.000  -0.000  -0.001   0.000   1.000  -0.001   0.001   0.001
   28    0   0.195   7.501   3.332   9.353   0.001  -0.001  -1.000   0.000  -1.000   0.001   1.000   0.000   0.001   0.000  -0.003
   29    0   0.195   9.375   3.332   9.356   0.000  -0.001  -1.000  -1.000  -0.000  -0.000   0.000  -1.000   0.001   0.004   0.001
   30    0   0.195  11.249   3.332   9.353  -0.001  -0.001  -1.000   0.000  -1.000   0.001   1.000   0.000  -0.001   0.000  -0.003
   31    0   0.195  13.127   3.332   9.355   0.001  -0.001  -1.000  -1.000  -0.001  -0.001   0.001  -1.000   0.001   0.001   0.001
   32    0   0.195  14.999   3.332   9.355  -0.001  -0.001  -1.000   1.000  -0.000  -0.001   0.000   1.000  -0.001   0.002   0.001
   33    0   0.195  16.876   3.332   9.353   0.001  -0.001  -1.000   0.000  -1.000   0.001   1.000   0.000   0.001   0.000  -0.004
   34    0   0.195  18.750   3.332   9.356   0.000  -0.001  -1.000   1.000  -0.000   0.000   0.000   1.000  -0.001   0.004   0.001
   35    0   0.195  20.624   3.332   9.353  -0.000  -0.001  -1.000   0.000  -1.000   0.001   1.000   0.000  -0.000   0.001  -0.004
   36    0   0.195   0.937   4.998   9.353  -0.001  -0.001  -1.000   1.000  -0.000  -0.001   0.000   1.000  -0.001   0.003  -0.001
   37    0   0.195   2.813   4.998   9.351   0.001  -0.001  -1.000  -0.000  -1.000   0.001   1.000  -0.000   0.001  -0.000  -0.003
   38    0   0.195   4.688   4.998   9.354   0.000  -0.001  -1.000  -1.000  -0.000  -0.000   0.000  -1.000   0.001   0.004   0.000
   39    0   0.195   6.562   4.998   9.352  -0.001  -0.001  -1.000   0.000  -1.000   0.001   1.000   0.000  -0.001  -0.001  -0.003
   40    0   0.195   8.439   4.998   9.353   0.001  -0.001  -1.000  -1.000  -0.000  -0.001   0.000  -1.000   0.001   0.001  -0.000
   41    0   0.195  10.311   4.998   9.353  -0.001  -0.001  -1.000   1.000  -0.000  -0.001   0.000   1.000  -0.001   0.002  -0.000
   42    0   0.195  12.188   4.998   9.351   0.001  -0.001  -1.000  -0.000  -1.000   0.001   1.000  -0.000   0.001  -0.001  -0.003
   43    0   0.195  14.063   4.998   9.354   0.000  -0.001  -1.000  -1.000  -0.000  -0.000   0.000  -1.000   0.001   0.004   0.000
   44    0   0.195  15.936   4.998   9.352  -0.001  -0.001  -1.000   0.000  -1.000   0.001   1.000   0.000  -0.001  -0.001  -0.003
   45    0   0.195  17.814   4.998   9.353   0.001  -0.001  -1.000  -1.000  -0.000  -0.001   0.000  -1.000   0.001   0.001  -0.000
   46    0   0.195  19.686   4.998   9.353  -0.001  -0.001  -1.000   1.000  -0.000  -0.001   0.000   1.000  -0.001   0.002   0.000
   47    0   0.195  21.563   4.998   9.351   0.001  -0.001  -1.000  -0.000  -1.000   0.001   1.000  -0.000   0.001  -0.002  -0.003
   48    0   0.195   0.001   6.666   9.353   0.000  -0.000  -1.000  -1.000  -0.000  -0.000   0.000  -1.000   0.000   0.004   0.002
   49    0   0.196   1.874   6.666   9.350  -0.001  -0.000  -1.000   0.000  -1.000   0.000   1.000   0.000  -0.001  -0.001  -0.003
   50    0   0.195   3.752   6.666   9.352   0.001  -0.000  -1.000  -1.000  -0.000  -0.001   0.000  -1.000   0.000   0.001  -0.001
   51    0   0.195   5.624   6.666   9.352  -0.001  -0.000  -1.000   1.000  -0.000  -0.001   0.000   1.000  -0.000   0.001  -0.001
   52    0   0.196   7.501   6.666   9.350   0.001  -0.000  -1.000   0.000  -1.000   0.000   1.000   0.000   0.001  -0.001  -0.003
   53    0   0.195   9.375   6.666   9.353   0.000  -0.000  -1.000  -1.000  -0.000  -0.000   0.000  -1.000   0.000   0.004  -0.000
   54    0   0.196  11.249   6.666   9.350  -0.001  -0.000  -1.000   0.000  -1.000   0.000   1.000   0.000  -0.001  -0.001  -0.003
   55    0   0.195  13.127   6.666   9.352   0.001  -0.000  -1.000  -1.000  -0.000  -0.001   0.000  -1.000   0.000   0.001  -0.001
   56    0   0.195  14.999   6.666   9.352  -0.001  -0.000  -1.000   1.000  -0.000  -0.001   0.000   1.000  -0.000   0.002  -0.001
   57    0   0.196  16.876   6.666   9.350   0.001  -0.000  -1.000   0.000  -1.000   0.000   1.000   0.000   0.001  -0.001  -0.004
   58    0   0.195  18.750   6.666   9.353   0.000  -0.000  -1.000  -1.000  -0.000  -0.000   0.000  -1.000   0.000   0.004  -0.000
   59    0   0.196  20.624   6.666   9.350  -0.000  -0.000  -1.000   0.000  -1.000   0.000   1.000   0.000  -0.000  -0.001  -0.004
   60    0   0.195   0.937   8.334   9.352  -0.001   0.001  -1.000  -1.000  -0.000   0.001   0.000  -1.000  -0.001   0.003  -0.001
   61    0   0.196   2.813   8.334   9.351   0.001   0.001  -1.000   0.000  -1.000  -0.001   1.000   0.000   0.001  -0.001  -0.003
   62    0   0.195   4.688   8.334   9.354   0.000   0.001  -1.000   1.000  -0.000   0.000   0.000   1.000   0.001   0.004  -0.000
   63    0   0.196   6.562   8.334   9.351  -0.001   0.001  -1.000  -0.000  -1.000  -0.001   1.000  -0.000  -0.001  -0.001  -0.003
   64    0   0.195   8.439   8.334   9.352   0.001   0.001  -1.000   1.000  -0.000   0.001   0.000   1.000   0.001   0.001  -0.001
   65    0   0.195  10.311   8.334   9.353  -0.001   0.001  -1.000  -1.000  -0.000   0.001   0.000  -1.000  -0.001   0.002  -0.000
   66    0   0.196  12.188   8.334   9.351   0.001   0.001  -1.000   0.000  -1.000  -0.001   1.000   0.000   0.001  -0.001  -0.003
   67    0   0.195  14.063   8.334   9.353   0.000   0.001  -1.000   1.000  -0.000   0.000   0.000   1.000   0.001   0.004  -0.000
   68    0   0.196  15.936   8.334   9.351  -0.001   0.001  -1.000  -0.000  -1.000  -0.001   1.000  -0.000  -0.001  -0.001  -0.003
   69    0   0.195  17.814   8.334   9.352   0.001   0.001  -1.000   1.000  -0.000   0.001   0.000   1.000   0.001   0.001  -0.001
   70    0   0.195  19.686   8.334   9.353  -0.001   0.001  -1.000  -1.000  -0.000   0.001   0.000  -1.000  -0.001   0.002  -0.000
   71    0   0.195  21.563   8.334   9.351   0.001   0.001  -1.000   0.000  -1.000  -0.001   1.000   0.000   0.001  -0.003  -0.003
   72    0   0.195   0.001  10.001   9.355   0.000   0.001  -1.000   1.000  -0.000   0.000   0.000   1.000   0.001   0.004   0.003
   73    0   0.195   1.874  10.001   9.352  -0.001   0.001  -1.000  -0.000  -1.000  -0.001   1.000  -0.000  -0.001  -0.000  -0.003
   74    0   0.195   3.752  10.001   9.354   0.001   0.001  -1.000   1.000  -0.000   0.001   0.000   1.000   0.001   0.001   0.000
   75    0   0.195   5.624  10.001   9.354  -0.001   0.001  -1.000  -1.000  -0.000   0.001   0.000  -1.000  -0.001   0.001   0.001
   76    0   0.195   7.501  10.001   9.352   0.001   0.001  -1.000   0.000  -1.000  -0.001   1.000   0.000   0.001  -0.000  -0.003
   77    0   0.195   9.375  10.001   9.355   0.000   0.001  -1.000  -1.000  -0.000  -0.000   0.000  -1.000  -0.001   0.004   0.001
   78    0   0.195  11.249  10.001   9.352  -0.001   0.001  -1.000   0.000  -1.000  -0.001   1.000   0.000  -0.001   0.000  -0.003
   79    0   0.195  13.127  10.001   9.354   0.001   0.001  -1.000   1.000  -0.000   0.001   0.000   1.000   0.001   0.001   0.000
   80    0   0.195  14.999  10.001   9.354  -0.001   0.001  -1.000  -1.000  -0.000   0.001   0.000  -1.000  -0.001   0.002   0.001
   81    0   0.195  16.876  10.001   9.352   0.001   0.001  -1.000   0.000  -1.000  -0.001   1.000   0.000   0.001  -0.000  -0.004
   82    0   0.195  18.750  10.001   9.355   0.000   0.001  -1.000   1.000  -0.000   0.000  -0.000   1.000   0.001   0.004   0.001
   83    0   0.195  20.624  10.001   9.352  -0.000   0.001  -1.000   0.000  -1.000  -0.001   1.000   0.000  -0.000   0.000  -0.004
   84    0   0.195   0.937  11.667   9.355  -0.001   0.000  -1.000   0.999  -0.038  -0.001   0.038   0.999  -0.000   0.003   0.001
   85    0   0.195   2.813  11.667   9.353   0.001   0.000  -1.000   0.004  -1.000  -0.000   1.000   0.004   0.001   0.001  -0.003
   86    0   0.195   4.688  11.667   9.356   0.000   0.000  -1.000  -1.000  -0.009  -0.000   0.009  -1.000  -0.000   0.004   0.002
   87    0   0.195   6.562  11.667   9.353  -0.001   0.000  -1.000   0.005  -1.000  -0.000   1.000   0.005  -0.001   0.001  -0.003
   88    0   0.195   8.439  11.667   9.355   0.001   0.000  -1.000  -0.029  -1.000  -0.000   1.000  -0.029   0.001   0.001   0.001
   89    0   0.195  10.311  11.667   9.355  -0.001   0.000  -1.000  -1.000  -0.024   0.001   0.024  -1.000  -0.000   0.002   0.001
   90    0   0.195  12.188  11.667   9.353   0.001   0.000  -1.000   0.005  -1.000  -0.000   1.000   0.005   0.001   0.001  -0.003
   91    0   0.195  14.063  11.667   9.356   0.000   0.000  -1.000  -1.000  -0.009  -0.000   0.009  -1.000  -0.000   0.004   0.002
   92    0   0.195  15.936  11.667   9.353  -0.001   0.000  -1.000   0.005  -1.000  -0.000   1.000   0.005  -0.001   0.001  -0.003
   93    0   0.195  17.814  11.667   9.355   0.001   0.000  -1.000  -0.012  -1.000  -0.000   1.000  -0.012   0.001   0.001   0.001
   94    0   0.195  19.686  11.667   9.355  -0.001   0.000  -1.000  -0.999  -0.051   0.001   0.051  -0.999  -0.000   0.002   0.001
   95    0   0.195  21.563  11.667   9.353   0.001   0.000  -1.000  -0.034  -0.999  -0.000   0.999  -0.034   0.001  -0.001  -0.003
   96    0   0.195   0.001  13.333   9.355   0.001  -0.000  -1.000  -0.972  -0.233  -0.001   0.233  -0.972   0.000   0.005   0.001
   97    0   0.195   1.874  13.332   9.353  -0.001  -0.001  -1.000   0.133  -0.991   0.001   0.991   0.133  -0.001  -0.000  -0.004
   98    0   0.195   3.751  13.333   9.354   0.001  -0.001  -1.000  -0.900  -0.435  -0.001   0.435  -0.900   0.001   0.002  -0.000
   99    0   0.195   5.624  13.333   9.354  -0.001  -0.001  -1.000   0.889  -0.458  -0.000   0.458   0.889  -0.001   0.002  -0.000
  100    0   0.195   7.500  13.332   9.353   0.000  -0.001  -1.000  -0.122  -0.993   0.001   0.993  -0.122   0.000  -0.000  -0.003
  101    0   0.195   9.376  13.333   9.355   0.000  -0.001  -1.000  -1.000  -0.021  -0.000   0.021  -1.000   0.001   0.004   0.000
  102    0   0.195  11.249  13.332   9.353  -0.001  -0.001  -1.000   0.160  -0.987   0.001   0.987   0.160  -0.001   0.000  -0.003
  103    0   0.195  13.126  13.332   9.354   0.001  -0.001  -1.000  -0.874  -0.486  -0.001   0.486  -0.874   0.001   0.002  -0.000
  104    0   0.195  14.999  13.333   9.354  -0.001  -0.001  -1.000   0.915  -0.405  -0.000   0.405   0.915  -0.001   0.002  -0.000
  105    0   0.195  16.875  13.332   9.352   0.000  -0.001  -1.000  -0.104  -0.995   0.001   0.995  -0.104   0.000  -0.000  -0.004
  106    0   0.195  18.751  13.333   9.355   0.000  -0.001  -1.000  -0.999  -0.041  -0.000   0.041  -0.999   0.001   0.004   0.000
  107    0   0.195  20.624  13.333   9.353  -0.001  -0.001  -1.000   0.196  -0.981   0.000   0.981   0.196  -0.001   0.000  -0.005
  108    0   0.195  22.968  15.834   9.355  -0.000   0.000  -1.000   0.871  -0.492  -0.000   0.492   0.871   0.000   0.005  -0.000
  109    0   0.195   1.406   0.834   9.353  -0.001   0.001  -1.000   0.404  -0.915  -0.002   0.915   0.404  -0.001  -0.000  -0.001
  110    0   0.196   2.344   0.834   9.352  -0.000   0.001  -1.000  -0.487  -0.873  -0.001   0.873  -0.487  -0.000  -0.000  -0.003
  111    0   0.195   3.282   0.834   9.353   0.001   0.001  -1.000   0.538  -0.843   0.000   0.843   0.538   0.002  -0.000  -0.001
  112    0   0.195   4.219   0.834   9.355   0.001   0.001  -1.000   0.897  -0.442   0.000   0.442   0.897   0.001   0.003   0.000
  113    0   0.195   5.156   0.834   9.355  -0.001   0.001  -1.000  -0.899  -0.437   0.000   0.437  -0.899  -0.001   0.003   0.000
  114    0   0.195   6.093   0.834   9.353  -0.002   0.001  -1.000  -0.409  -0.913   0.000   0.913  -0.409  -0.002  -0.000  -0.001
  115    0   0.196   7.031   0.834   9.352  -0.000   0.001  -1.000   0.432  -0.902  -0.001   0.902   0.432   0.000  -0.000  -0.003
  116    0   0.195   7.970   0.834   9.353   0.001   0.001  -1.000  -0.540  -0.842  -0.002   0.842  -0.540   0.001  -0.000  -0.001
  117    0   0.195   8.907   0.834   9.355   0.001   0.001  -1.000  -0.921  -0.390  -0.001   0.390  -0.921  -0.000   0.003   0.000
  118    0   0.195   9.843   0.834   9.355  -0.001   0.001  -1.000   0.881  -0.473  -0.001   0.473   0.881   0.000   0.003   0.000
  119    0   0.195  10.780   0.834   9.353  -0.001   0.001  -1.000   0.319  -0.948  -0.002   0.948   0.319  -0.001  -0.000  -0.001
  120    0   0.196  11.719   0.834   9.352  -0.000   0.001  -1.000  -0.476  -0.880  -0.001   0.880  -0.476  -0.000  -0.000  -0.003
  121    0   0.195  12.657   0.834   9.353   0.001   0.001  -1.000   0.514  -0.858   0.000   0.858   0.514   0.001  -0.000  -0.001
  122    0   0.195  13.594   0.834   9.355   0.001   0.001  -1.000   0.899  -0.439   0.000   0.439   0.899   0.001   0.002   0.000
  123    0   0.195  14.531   0.834   9.355  -0.001   0.001  -1.000  -0.901  -0.434   0.000   0.434  -0.901  -0.001   0.003   0.000
  124    0   0.195  15.468   0.834   9.353  -0.002   0.001  -1.000  -0.381  -0.924   0.000   0.924  -0.381  -0.002  -0.000  -0.001
  125    0   0.196  16.406   0.834   9.352  -0.000   0.001  -1.000   0.430  -0.903  -0.001   0.903   0.430   0.000  -0.000  -0.003
  126    0   0.195  17.345   0.834   9.353   0.001   0.001  -1.000  -0.530  -0.848  -0.002   0.848  -0.530   0.001  -0.000  -0.002
  127    0   0.195  18.282   0.834   9.355   0.001   0.001  -1.000  -0.921  -0.390  -0.001   0.390  -0.921  -0.000   0.002   0.000
  128    0   0.195  19.218   0.834   9.355  -0.001   0.001  -1.000   0.877  -0.481  -0.001   0.481   0.877   0.000   0.003   0.000
  129    0   0.195  20.156   0.834   9.353  -0.002   0.001  -1.000   0.238  -0.971  -0.002   0.971   0.238  -0.001  -0.000  -0.001
  130    0   0.195  22.032  15.834   9.354   0.001  -0.000  -1.000  -0.958  -0.288  -0.001   0.288  -0.958   0.001   0.001  -0.000
  131    0   0.195  21.094   0.834   9.352   0.000   0.001  -1.000  -0.508  -0.861  -0.001   0.861  -0.508  -0.000  -0.000  -0.005
  132    0   0.195   1.875   1.667   9.354  -0.001   0.001  -1.000  -0.014  -1.000  -0.000   1.000  -0.014  -0.001   0.003  -0.000
  133    0   0.195   1.405   2.500   9.354  -0.002  -0.000  -1.000  -0.365  -0.931   0.001   0.931  -0.365  -0.001   0.000  -0.001
  134    0   0.195   2.344   2.500   9.353  -0.000  -0.000  -1.000   0.423  -0.906   0.000   0.906   0.423  -0.000   0.000  -0.003
  135    0   0.195   3.750   1.667   9.355   0.002   0.001  -1.000   0.084  -0.996  -0.000   0.996   0.084   0.002   0.001   0.000
  136    0   0.195   3.282   2.500   9.354   0.001   0.000  -1.000  -0.348  -0.938  -0.001   0.938  -0.348   0.001   0.000  -0.001
  137    0   0.195   4.220   2.500   9.355   0.001  -0.000  -1.000  -0.863  -0.505  -0.001   0.505  -0.863   0.001   0.003   0.000
  138    0   0.195   5.625   1.667   9.355  -0.002   0.001  -1.000  -0.039  -0.999  -0.000   0.999  -0.039  -0.002   0.001   0.000
  139    0   0.195   5.156   2.500   9.356  -0.001  -0.000  -1.000   0.865  -0.502  -0.001   0.502   0.865  -0.001   0.003   0.000
  140    0   0.195   6.093   2.500   9.354  -0.002   0.000  -1.000   0.321  -0.947  -0.001   0.947   0.321  -0.001   0.000  -0.001
  141    0   0.195   7.500   1.667   9.354   0.001   0.001  -1.000  -0.006  -1.000  -0.001   1.000  -0.006   0.001   0.003  -0.000
  142    0   0.195   7.031   2.500   9.353  -0.000  -0.000  -1.000  -0.406  -0.914   0.000   0.914  -0.406  -0.000   0.000  -0.003
  143    0   0.195   7.970   2.500   9.354   0.001  -0.000  -1.000   0.348  -0.938   0.001   0.938   0.348   0.001   0.000  -0.001
  144    0   0.195   9.375   1.667   9.355   0.000   0.001  -1.000   0.999  -0.038   0.000   0.038   0.999   0.001   0.001  -0.001
  145    0   0.195   8.907   2.500   9.355   0.001   0.000  -1.000   0.863  -0.505   0.001   0.505   0.863   0.001   0.003   0.000
  146    0   0.195   9.843   2.500   9.356  -0.001   0.000  -1.000  -0.866  -0.500   0.001   0.500  -0.866  -0.000   0.003   0.000
  147    0   0.195  11.250   1.667   9.354  -0.001   0.001  -1.000  -0.018  -1.000  -0.000   1.000  -0.018  -0.001   0.003  -0.000
  148    0   0.195  10.780   2.500   9.354  -0.002  -0.000  -1.000  -0.302  -0.953   0.001   0.953  -0.302  -0.001   0.000  -0.001
  149    0   0.195  11.719   2.500   9.353  -0.000  -0.000  -1.000   0.407  -0.913   0.000   0.913   0.407  -0.000   0.000  -0.003
  150    0   0.195  13.125   1.667   9.355   0.002   0.001  -1.000   0.059  -0.998  -0.000   0.998   0.059   0.002   0.001   0.000
  151    0   0.195  12.657   2.500   9.354   0.001   0.000  -1.000  -0.356  -0.934  -0.001   0.934  -0.356   0.001   0.000  -0.001
  152    0   0.195  13.595   2.500   9.355   0.001  -0.000  -1.000  -0.861  -0.508  -0.001   0.508  -0.861   0.001   0.003   0.000
  153    0   0.195  15.000   1.667   9.355  -0.002   0.001  -1.000  -0.050  -0.999  -0.000   0.999  -0.050  -0.002   0.000   0.000
  154    0   0.195  14.531   2.500   9.356  -0.001  -0.000  -1.000   0.867  -0.499  -0.001   0.499   0.867  -0.001   0.003   0.000
  155    0   0.195  15.468   2.500   9.354  -0.002   0.000  -1.000   0.292  -0.956  -0.001   0.956   0.292  -0.001   0.000  -0.001
  156    0   0.196  16.875   1.667   9.354   0.001   0.001  -1.000  -0.007  -1.000  -0.001   1.000  -0.007   0.001   0.003  -0.000
  157    0   0.195  16.406   2.500   9.353  -0.000  -0.000  -1.000  -0.406  -0.914   0.000   0.914  -0.406  -0.000   0.000  -0.003
  158    0   0.195  17.345   2.500   9.354   0.001  -0.000  -1.000   0.360  -0.933   0.001   0.933   0.360   0.001   0.000  -0.001
  159    0   0.195  18.750   1.667   9.355   0.000   0.001  -1.000   0.999  -0.037   0.000   0.037   0.999   0.001   0.001  -0.001
  160    0   0.195  18.282   2.500   9.355   0.001   0.000  -1.000   0.859  -0.511   0.001   0.511   0.859   0.001   0.003   0.000
  161    0   0.195  19.218   2.500   9.356  -0.001   0.000  -1.000  -0.862  -0.506   0.001   0.506  -0.862  -0.000   0.003   0.000
  162    0   0.195  20.625   1.667   9.354  -0.001   0.001  -1.000  -0.025  -1.000  -0.000   1.000  -0.025  -0.001   0.003  -0.000
  163    0   0.195  20.155   2.500   9.354  -0.002  -0.000  -1.000  -0.252  -0.968   0.001   0.968  -0.252  -0.001   0.000  -0.000
  164    0   0.195  21.094   2.500   9.353   0.000   0.000  -1.000   0.450  -0.893  -0.000   0.893   0.450   0.000   0.000  -0.005
  165    0   0.195  22.500   1.667   9.354   0.001   0.001  -1.000   1.000  -0.023   0.001   0.023   1.000   0.001   0.000  -0.003
  166    0   0.195   0.469   2.500   9.356  -0.000   0.000  -1.000  -0.863  -0.506   0.000   0.506  -0.863  -0.001   0.005   0.000
  167    0   0.195  22.032   2.500   9.355   0.002   0.001  -1.000   0.750  -0.661   0.000   0.661   0.750   0.002   0.001   0.000
  168    0   0.195   0.937   3.332   9.355  -0.002  -0.001  -1.000  -1.000  -0.000   0.002   0.000  -1.000   0.001   0.000   0.000
  169    0   0.195   0.469   4.165   9.355  -0.000  -0.002  -1.000   0.872  -0.490   0.000   0.490   0.872  -0.001   0.005   0.000
  170    0   0.195   1.405   4.165   9.353  -0.002  -0.001  -1.000   0.425  -0.905  -0.000   0.905   0.425  -0.002   0.000  -0.001
  171    0   0.195   2.813   3.332   9.354   0.001  -0.001  -1.000  -0.000  -1.000   0.001   1.000  -0.000   0.001   0.002  -0.000
  172    0   0.195   2.344   4.165   9.352  -0.000  -0.001  -1.000  -0.445  -0.896   0.001   0.896  -0.445   0.000  -0.000  -0.004
  173    0   0.195   3.282   4.165   9.353   0.001  -0.001  -1.000   0.405  -0.914   0.002   0.914   0.405   0.001   0.000  -0.001
  174    0   0.195   4.688   3.332   9.355   0.000  -0.001  -1.000  -1.000  -0.000  -0.000   0.000  -1.000   0.001   0.001  -0.001
  175    0   0.195   4.220   4.165   9.355   0.001  -0.001  -1.000   0.884  -0.468   0.001   0.468   0.884  -0.000   0.003   0.000
  176    0   0.195   5.156   4.165   9.355  -0.001  -0.001  -1.000  -0.884  -0.467   0.001   0.467  -0.884   0.000   0.003   0.000
  177    0   0.195   6.562   3.332   9.354  -0.001  -0.001  -1.000  -0.000  -1.000   0.001   1.000  -0.000  -0.001   0.002  -0.000
  178    0   0.195   6.093   4.165   9.353  -0.002  -0.001  -1.000  -0.388  -0.921   0.002   0.921  -0.388  -0.001   0.000  -0.001
  179    0   0.195   7.031   4.165   9.352  -0.000  -0.001  -1.000   0.430  -0.903   0.001   0.903   0.430  -0.000  -0.000  -0.003
  180    0   0.195   8.438   3.332   9.354   0.002  -0.001  -1.000   0.000  -1.000   0.001   1.000   0.000   0.002   0.000   0.000
  181    0   0.195   7.970   4.165   9.353   0.001  -0.001  -1.000  -0.402  -0.915  -0.000   0.915  -0.402   0.002   0.000  -0.001
  182    0   0.195   8.907   4.165   9.355   0.001  -0.001  -1.000  -0.883  -0.469  -0.000   0.469  -0.883   0.001   0.003   0.000
  183    0   0.195  10.312   3.332   9.355  -0.002  -0.001  -1.000  -1.000  -0.000   0.002   0.000  -1.000   0.001   0.000   0.000
  184    0   0.195   9.843   4.165   9.355  -0.001  -0.001  -1.000   0.885  -0.466  -0.000   0.466   0.885  -0.001   0.003   0.000
  185    0   0.195  10.780   4.165   9.353  -0.002  -0.001  -1.000   0.381  -0.924  -0.000   0.924   0.381  -0.002   0.000  -0.001
  186    0   0.195  12.188   3.332   9.353   0.001  -0.001  -1.000  -0.000  -1.000   0.001   1.000  -0.000   0.001   0.002  -0.000
  187    0   0.195  11.719   4.165   9.352  -0.000  -0.001  -1.000  -0.430  -0.903   0.001   0.903  -0.430   0.000  -0.000  -0.003
  188    0   0.195  12.657   4.165   9.353   0.001  -0.001  -1.000   0.406  -0.914   0.002   0.914   0.406   0.001   0.000  -0.001
  189    0   0.195  14.063   3.332   9.355   0.000  -0.001  -1.000  -1.000  -0.000  -0.000   0.000  -1.000   0.001   0.001  -0.001
  190    0   0.195  13.595   4.165   9.355   0.001  -0.001  -1.000   0.883  -0.469   0.001   0.469   0.883  -0.000   0.003   0.000
  191    0   0.195  14.531   4.165   9.355  -0.001  -0.001  -1.000  -0.885  -0.466   0.001   0.466  -0.885   0.000   0.003   0.000
  192    0   0.195  15.937   3.332   9.354  -0.001  -0.001  -1.000  -0.000  -1.000   0.001   1.000  -0.000  -0.001   0.002  -0.000
  193    0   0.195  15.468   4.165   9.353  -0.002  -0.001  -1.000  -0.372  -0.928   0.002   0.928  -0.372  -0.001   0.000  -0.001
  194    0   0.195  16.406   4.165   9.352  -0.000  -0.001  -1.000   0.430  -0.903   0.001   0.903   0.430  -0.001  -0.000  -0.003
  195    0   0.195  17.813   3.332   9.354   0.002  -0.001  -1.000   0.000  -1.000   0.001   1.000   0.000   0.002   0.000   0.000
  196    0   0.195  17.345   4.165   9.353   0.001  -0.001  -1.000  -0.408  -0.913   0.000   0.913  -0.408   0.002   0.000  -0.001
  197    0   0.195  18.282   4.165   9.354   0.001  -0.001  -1.000  -0.881  -0.472  -0.000   0.472  -0.881   0.002   0.002   0.000
  198    0   0.195  19.687   3.332   9.355  -0.002  -0.001  -1.000  -1.000  -0.000   0.002   0.000  -1.000   0.001   0.000  -0.000
  199    0   0.195  19.218   4.165   9.355  -0.001  -0.001  -1.000   0.880  -0.475  -0.000   0.475   0.880  -0.001   0.003   0.000
  200    0   0.195  20.155   4.165   9.353  -0.002  -0.001  -1.000   0.359  -0.933  -0.000   0.933   0.359  -0.002   0.000  -0.000
  201    0   0.195  21.562   3.332   9.354   0.002  -0.001  -1.000  -0.000  -1.000   0.001   1.000  -0.000   0.002   0.004  -0.000
  202    0   0.195  22.032   4.165   9.354   0.002  -0.002  -1.000  -0.831  -0.556  -0.000   0.556  -0.831   0.003   0.001   0.000
  203    0   0.195  21.094   4.165   9.352   0.000  -0.001  -1.000  -0.465  -0.885   0.001   0.885  -0.465   0.001   0.000  -0.005
  204    0   0.196   1.875   4.998   9.352  -0.001  -0.001  -1.000  -0.000  -1.000   0.001   1.000  -0.000  -0.001   0.002  -0.000
  205    0   0.195   1.405   5.832   9.352  -0.002  -0.001  -1.000  -0.566  -0.825   0.002   0.825  -0.566  -0.001  -0.000  -0.001
  206    0   0.196   2.344   5.832   9.351  -0.000  -0.001  -1.000   0.494  -0.869   0.001   0.869   0.494  -0.000  -0.000  -0.004
  207    0   0.195   3.750   4.998   9.353   0.002  -0.001  -1.000   1.000  -0.000   0.002   0.000   1.000  -0.001   0.000  -0.001
  208    0   0.196   3.282   5.832   9.352   0.001  -0.000  -1.000  -0.566  -0.824  -0.000   0.824  -0.566   0.001  -0.000  -0.001
  209    0   0.195   4.220   5.832   9.353   0.001  -0.001  -1.000  -0.914  -0.406  -0.001   0.406  -0.914   0.001   0.003  -0.000
  210    0   0.195   5.625   4.998   9.353  -0.002  -0.001  -1.000  -1.000  -0.000   0.002   0.000  -1.000   0.001   0.000  -0.001
  211    0   0.195   5.156   5.832   9.353  -0.001  -0.001  -1.000   0.913  -0.408  -0.000   0.408   0.913  -0.001   0.003  -0.000
  212    0   0.196   6.093   5.832   9.352  -0.002  -0.000  -1.000   0.589  -0.808  -0.001   0.808   0.589  -0.001  -0.000  -0.001
  213    0   0.196   7.500   4.998   9.352   0.001  -0.001  -1.000   0.000  -1.000   0.001   1.000   0.000   0.001   0.001  -0.000
  214    0   0.196   7.031   5.832   9.351  -0.000  -0.001  -1.000  -0.481  -0.876   0.001   0.876  -0.481   0.000  -0.000  -0.003
  215    0   0.196   7.970   5.832   9.352   0.001  -0.001  -1.000   0.548  -0.836   0.002   0.836   0.548   0.001  -0.000  -0.001
  216    0   0.195   9.375   4.998   9.354   0.000  -0.001  -1.000   1.000  -0.000   0.000   0.000   1.000  -0.001   0.001  -0.002
  217    0   0.195   8.907   5.832   9.353   0.001  -0.001  -1.000   0.914  -0.405   0.001   0.405   0.914  -0.000   0.003  -0.000
  218    0   0.195   9.843   5.832   9.353  -0.001  -0.001  -1.000  -0.913  -0.408   0.001   0.408  -0.913   0.000   0.003  -0.000
  219    0   0.196  11.250   4.998   9.352  -0.001  -0.001  -1.000  -0.000  -1.000   0.001   1.000  -0.000  -0.001   0.001  -0.000
  220    0   0.196  10.780   5.832   9.352  -0.002  -0.001  -1.000  -0.610  -0.792   0.002   0.792  -0.610  -0.001  -0.000  -0.001
  221    0   0.196  11.719   5.832   9.351  -0.000  -0.001  -1.000   0.481  -0.876   0.001   0.876   0.481  -0.000  -0.000  -0.003
  222    0   0.195  13.125   4.998   9.353   0.002  -0.001  -1.000   1.000  -0.000   0.002   0.000   1.000  -0.001   0.000  -0.001
  223    0   0.196  12.657   5.832   9.351   0.001  -0.000  -1.000  -0.540  -0.842  -0.000   0.842  -0.540   0.001  -0.000  -0.001
  224    0   0.195  13.595   5.832   9.353   0.001  -0.001  -1.000  -0.915  -0.404  -0.001   0.404  -0.915   0.001   0.002  -0.000
  225    0   0.195  15.000   4.998   9.353  -0.002  -0.001  -1.000  -1.000  -0.000   0.002   0.000  -1.000   0.001   0.000  -0.001
  226    0   0.195  14.531   5.832   9.353  -0.001  -0.001  -1.000   0.912  -0.409  -0.000   0.409   0.912  -0.001   0.003  -0.000
  227    0   0.195  15.468   5.832   9.352  -0.002  -0.000  -1.000   0.639  -0.770  -0.001   0.770   0.639  -0.001  -0.000  -0.001
  228    0   0.196  16.875   4.998   9.352   0.001  -0.001  -1.000   0.000  -1.000   0.001   1.000   0.000   0.001   0.002  -0.000
  229    0   0.196  16.406   5.832   9.351  -0.000  -0.001  -1.000  -0.482  -0.876   0.001   0.876  -0.482   0.000  -0.000  -0.003
  230    0   0.196  17.345   5.832   9.351   0.001  -0.001  -1.000   0.533  -0.846   0.002   0.846   0.533   0.001  -0.000  -0.002
  231    0   0.195  18.750   4.998   9.354   0.000  -0.001  -1.000   1.000  -0.000   0.000   0.000   1.000  -0.001   0.001  -0.002
  232    0   0.195  18.282   5.832   9.353   0.001  -0.001  -1.000   0.914  -0.405   0.001   0.405   0.914  -0.000   0.002  -0.000
  233    0   0.195  19.218   5.832   9.353  -0.001  -0.001  -1.000  -0.907  -0.421   0.001   0.421  -0.907   0.000   0.003  -0.000
  234    0   0.196  20.625   4.998   9.352  -0.001  -0.001  -1.000  -0.000  -1.000   0.001   1.000  -0.000  -0.001   0.001  -0.000
  235    0   0.196  20.155   5.832   9.352  -0.002  -0.001  -1.000  -0.743  -0.669   0.002   0.669  -0.743  -0.000  -0.000  -0.001
  236    0   0.196  21.094   5.832   9.351   0.000  -0.000  -1.000   0.498  -0.867   0.000   0.867   0.498   0.000  -0.000  -0.005
  237    0   0.195  22.500   4.998   9.352   0.001  -0.001  -1.000   1.000  -0.000   0.001   0.000   1.000  -0.001   0.000  -0.005
  238    0   0.195   0.469   5.832   9.353  -0.000  -0.000  -1.000  -0.889  -0.457   0.000   0.457  -0.889  -0.000   0.005  -0.000
  239    0   0.195  22.032   5.832   9.352   0.002   0.000  -1.000   0.925  -0.380   0.001   0.380   0.925   0.001   0.001  -0.000
  240    0   0.195   0.937   6.666   9.352  -0.002  -0.000  -1.000  -1.000  -0.000   0.002   0.000  -1.000   0.000   0.000  -0.002
  241    0   0.195   0.469   7.500   9.353  -0.000  -0.000  -1.000   0.894  -0.449  -0.000   0.449   0.894  -0.000   0.005  -0.000
  242    0   0.196   1.405   7.500   9.351  -0.002   0.001  -1.000   0.609  -0.793  -0.001   0.793   0.609  -0.001  -0.000  -0.001
  243    0   0.196   2.813   6.666   9.351   0.001  -0.000  -1.000   0.000  -1.000   0.000   1.000   0.000   0.001   0.001  -0.000
  244    0   0.196   2.344   7.500   9.350  -0.000   0.000  -1.000  -0.508  -0.861  -0.000   0.861  -0.508  -0.000  -0.000  -0.004
  245    0   0.196   3.282   7.500   9.351   0.001  -0.000  -1.000   0.618  -0.786   0.001   0.786   0.618   0.001  -0.000  -0.001
  246    0   0.195   4.688   6.666   9.352   0.000  -0.000  -1.000  -1.000  -0.000  -0.000   0.000  -1.000   0.000   0.001  -0.003
  247    0   0.195   4.220   7.500   9.353   0.001   0.000  -1.000   0.920  -0.391   0.001   0.391   0.920   0.001   0.003  -0.000
  248    0   0.195   5.156   7.500   9.353  -0.001   0.000  -1.000  -0.919  -0.394   0.001   0.394  -0.919  -0.001   0.003  -0.000
  249    0   0.196   6.562   6.666   9.351  -0.001  -0.000  -1.000  -0.000  -1.000   0.000   1.000  -0.000  -0.001   0.001  -0.000
  250    0   0.196   6.093   7.500   9.351  -0.002  -0.000  -1.000  -0.654  -0.757   0.001   0.757  -0.654  -0.001  -0.000  -0.001
  251    0   0.196   7.031   7.500   9.350  -0.000   0.000  -1.000   0.496  -0.868  -0.000   0.868   0.496   0.000  -0.000  -0.003
  252    0   0.195   8.438   6.666   9.352   0.002  -0.000  -1.000   1.000  -0.000   0.002   0.000   1.000  -0.000   0.000  -0.001
  253    0   0.196   7.970   7.500   9.351   0.001   0.001  -1.000  -0.595  -0.803  -0.001   0.803  -0.595   0.001  -0.000  -0.001
  254    0   0.195   8.907   7.500   9.353   0.001   0.000  -1.000  -0.921  -0.390  -0.001   0.390  -0.921   0.000   0.003  -0.000
  255    0   0.195  10.312   6.666   9.352  -0.002  -0.000  -1.000  -1.000  -0.000   0.002   0.000  -1.000   0.000   0.000  -0.002
  256    0   0.195   9.843   7.500   9.353  -0.001   0.000  -1.000   0.919  -0.395  -0.001   0.395   0.919  -0.000   0.003  -0.000
  257    0   0.196  10.780   7.500   9.351  -0.002   0.001  -1.000   0.684  -0.730  -0.001   0.730   0.684  -0.001  -0.000  -0.001
  258    0   0.196  12.188   6.666   9.351   0.001  -0.000  -1.000   0.000  -1.000   0.000   1.000   0.000   0.001   0.001  -0.000
  259    0   0.196  11.719   7.500   9.350  -0.000   0.000  -1.000  -0.496  -0.868  -0.000   0.868  -0.496  -0.000  -0.000  -0.003
  260    0   0.196  12.657   7.500   9.351   0.001  -0.000  -1.000   0.583  -0.813   0.001   0.813   0.583   0.001  -0.000  -0.001
  261    0   0.195  14.063   6.666   9.352   0.000  -0.000  -1.000   1.000  -0.000   0.000   0.000   1.000  -0.000   0.001  -0.003
  262    0   0.195  13.595   7.500   9.353   0.001   0.000  -1.000   0.921  -0.388   0.001   0.388   0.921   0.001   0.002  -0.000
  263    0   0.195  14.531   7.500   9.353  -0.001   0.000  -1.000  -0.918  -0.395   0.001   0.395  -0.918  -0.001   0.003  -0.000
  264    0   0.196  15.937   6.666   9.351  -0.001  -0.000  -1.000  -0.000  -1.000   0.000   1.000  -0.000  -0.001   0.001  -0.000
  265    0   0.196  15.468   7.500   9.351  -0.002  -0.000  -1.000  -0.722  -0.692   0.001   0.692  -0.722  -0.001  -0.000  -0.001
  266    0   0.196  16.406   7.500   9.350  -0.000   0.000  -1.000   0.497  -0.868  -0.000   0.868   0.497   0.000  -0.000  -0.003
  267    0   0.195  17.813   6.666   9.352   0.002  -0.000  -1.000   1.000  -0.000   0.002   0.000   1.000  -0.000   0.000  -0.001
  268    0   0.196  17.345   7.500   9.351   0.001   0.001  -1.000  -0.572  -0.820  -0.001   0.820  -0.572   0.001  -0.000  -0.002
  269    0   0.195  18.282   7.500   9.353   0.001   0.000  -1.000  -0.921  -0.389  -0.001   0.389  -0.921   0.000   0.002  -0.000
  270    0   0.195  19.687   6.666   9.352  -0.002  -0.000  -1.000  -1.000  -0.000   0.002   0.000  -1.000   0.000   0.000  -0.002
  271    0   0.195  19.218   7.500   9.353  -0.001   0.000  -1.000   0.913  -0.407  -0.001   0.407   0.913  -0.000   0.003  -0.000
  272    0   0.196  20.155   7.500   9.351  -0.002   0.001  -1.000   0.836  -0.549  -0.002   0.549   0.836  -0.000  -0.000  -0.001
  273    0   0.196  21.562   6.666   9.352   0.002  -0.000  -1.000   0.000  -1.000   0.000   1.000   0.000   0.002   0.003  -0.000
  274    0   0.195  22.032   7.500   9.352   0.002  -0.001  -1.000  -0.938  -0.346  -0.001   0.346  -0.938   0.001   0.001  -0.000
  275    0   0.196  21.094   7.500   9.350   0.000  -0.000  -1.000  -0.507  -0.862  -0.000   0.862  -0.507   0.000  -0.000  -0.005
  276    0   0.196   1.875   8.334   9.351  -0.001   0.001  -1.000   0.000  -1.000  -0.001   1.000   0.000  -0.001   0.001  -0.000
  277    0   0.195   1.405   9.168   9.352  -0.002   0.001  -1.000  -0.491  -0.871   0.000   0.871  -0.491  -0.002  -0.000  -0.001
  278    0   0.196   2.344   9.168   9.351  -0.000   0.001  -1.000   0.469  -0.883  -0.001   0.883   0.469   0.000  -0.000  -0.004
  279    0   0.195   3.750   8.334   9.352   0.002   0.001  -1.000  -1.000  -0.000  -0.002   0.000  -1.000  -0.001   0.000  -0.001
  280    0   0.195   3.282   9.168   9.352   0.001   0.001  -1.000  -0.480  -0.877  -0.002   0.877  -0.480   0.001  -0.000  -0.001
  281    0   0.195   4.220   9.168   9.354   0.001   0.001  -1.000  -0.900  -0.435  -0.001   0.435  -0.900  -0.000   0.003   0.000
  282    0   0.195   5.625   8.334   9.352  -0.002   0.001  -1.000   1.000  -0.000  -0.002   0.000   1.000   0.001   0.000  -0.001
  283    0   0.195   5.156   9.168   9.354  -0.001   0.001  -1.000   0.900  -0.436  -0.001   0.436   0.900   0.000   0.003   0.000
  284    0   0.195   6.093   9.168   9.352  -0.002   0.001  -1.000   0.479  -0.878  -0.002   0.878   0.479  -0.001  -0.000  -0.001
  285    0   0.196   7.500   8.334   9.351   0.001   0.001  -1.000  -0.000  -1.000  -0.001   1.000  -0.000   0.001   0.001  -0.000
  286    0   0.196   7.031   9.168   9.351  -0.000   0.001  -1.000  -0.455  -0.890  -0.001   0.890  -0.455  -0.001  -0.000  -0.003
  287    0   0.195   7.970   9.168   9.352   0.001   0.001  -1.000   0.470  -0.882   0.000   0.882   0.470   0.002  -0.000  -0.001
  288    0   0.195   9.375   8.334   9.353   0.000   0.001  -1.000  -1.000  -0.000  -0.000   0.000  -1.000  -0.001   0.001  -0.003
  289    0   0.195   8.907   9.168   9.354   0.001   0.001  -1.000   0.901  -0.435   0.000   0.435   0.901   0.001   0.003   0.000
  290    0   0.195   9.843   9.168   9.354  -0.001   0.001  -1.000  -0.900  -0.436   0.000   0.436  -0.900  -0.001   0.003   0.000
  291    0   0.196  11.250   8.334   9.351  -0.001   0.001  -1.000   0.000  -1.000  -0.001   1.000   0.000  -0.001   0.001  -0.000
  292    0   0.195  10.780   9.168   9.352  -0.002   0.001  -1.000  -0.484  -0.875   0.000   0.875  -0.484  -0.002  -0.000  -0.001
  293    0   0.196  11.719   9.168   9.351  -0.000   0.001  -1.000   0.455  -0.890  -0.001   0.890   0.455   0.000  -0.000  -0.003
  294    0   0.195  13.125   8.334   9.352   0.002   0.001  -1.000  -1.000  -0.000  -0.002   0.000  -1.000  -0.001   0.000  -0.001
  295    0   0.195  12.657   9.168   9.352   0.001   0.001  -1.000  -0.468  -0.883  -0.002   0.883  -0.468   0.001  -0.000  -0.001
  296    0   0.195  13.595   9.168   9.354   0.001   0.001  -1.000  -0.901  -0.435  -0.001   0.435  -0.901  -0.000   0.003   0.000
  297    0   0.195  15.000   8.334   9.352  -0.002   0.001  -1.000   1.000  -0.000  -0.002   0.000   1.000   0.001   0.000  -0.001
  298    0   0.195  14.531   9.168   9.354  -0.001   0.001  -1.000   0.900  -0.436  -0.001   0.436   0.900   0.000   0.003   0.000
  299    0   0.195  15.468   9.168   9.352  -0.002   0.001  -1.000   0.490  -0.872  -0.002   0.872   0.490  -0.001  -0.000  -0.001
  300    0   0.196  16.875   8.334   9.351   0.001   0.001  -1.000  -0.000  -1.000  -0.001   1.000  -0.000   0.001   0.001  -0.000
  301    0   0.196  16.406   9.168   9.351  -0.000   0.001  -1.000  -0.455  -0.890  -0.001   0.890  -0.455  -0.001  -0.000  -0.003
  302    0   0.195  17.345   9.168   9.352   0.001   0.001  -1.000   0.467  -0.884   0.000   0.884   0.467   0.002  -0.000  -0.001
  303    0   0.195  18.750   8.334   9.353   0.000   0.001  -1.000  -1.000  -0.000  -0.000   0.000  -1.000  -0.001   0.001  -0.003
