Box  22.500  15.000  22.500
< Point NoPoints    1728>
< id domain_id area X Y Z Nx Ny Nz P1x P1y P1z P2x P2y P2z C1 C2  >
< Outer >
    0    0   0.195   0.000   0.000  13.154   0.000   0.000   1.000   0.986  -0.165  -0.000   0.165   0.986  -0.000   0.004  -0.001
    1    0   0.195   1.875  15.000  13.152   0.000  -0.000   1.000  -0.318  -0.948  -0.000   0.948  -0.318  -0.000  -0.002  -0.003
    2    0   0.195   3.749  15.000  13.153  -0.001  -0.000   1.000   0.967  -0.254   0.001   0.254   0.967   0.000   0.001  -0.002
    3    0   0.195   5.626  15.000  13.154   0.001  -0.000   1.000  -0.978  -0.211   0.001   0.211  -0.978  -0.000   0.002  -0.002
    4    0   0.195   7.499  15.000  13.152  -0.001  -0.000   1.000   0.250  -0.968  -0.000   0.968   0.250   0.001  -0.002  -0.004
    5    0   0.195   9.375  15.000  13.154   0.000  -0.000   1.000   1.000  -0.004  -0.000   0.004   1.000   0.000   0.004  -0.002
    6    0   0.195  11.250  15.000  13.152   0.000  -0.000   1.000  -0.364  -0.931  -0.000   0.931  -0.364  -0.000  -0.002  -0.003
    7    0   0.195  13.124  15.000  13.153  -0.001  -0.000   1.000   0.960  -0.279   0.001   0.279   0.960   0.000   0.001  -0.002
    8    0   0.195  15.001  15.000  13.154   0.001  -0.000   1.000  -0.981  -0.194   0.001   0.194  -0.981  -0.000   0.002  -0.002
    9    0   0.195  16.874  15.000  13.152  -0.001  -0.000   1.000   0.216  -0.976  -0.000   0.976   0.216   0.001  -0.002  -0.004
   10    0   0.195  18.750  15.000  13.154   0.000  -0.000   1.000   1.000  -0.014  -0.000   0.014   1.000   0.000   0.004  -0.002
   11    0   0.195  20.625  15.000  13.152  -0.000  -0.000   1.000  -0.300  -0.954  -0.000   0.954  -0.300   0.000  -0.001  -0.005
   12    0   0.195   0.938   1.666  13.155   0.001  -0.001   1.000  -0.999  -0.048   0.001   0.048  -0.999  -0.001   0.003   0.001
   13    0   0.195   2.812   1.666  13.153  -0.001  -0.000   1.000   0.004  -1.000  -0.000   1.000   0.004   0.001   0.001  -0.003
   14    0   0.196   4.687   1.666  13.156  -0.000  -0.001   1.000  -1.000  -0.010  -0.000   0.010  -1.000  -0.001   0.004   0.002
   15    0   0.195   6.563   1.666  13.153   0.001  -0.001   1.000   0.004  -1.000  -0.001   1.000   0.004  -0.001   0.001  -0.003
   16    0   0.195   8.436   1.666  13.155  -0.001  -0.001   1.000  -0.017  -1.000  -0.001   1.000  -0.017   0.001   0.001   0.001
   17    0   0.195  10.314   1.666  13.155   0.001  -0.001   1.000  -0.991  -0.132   0.001   0.132  -0.991  -0.001   0.002   0.001
   18    0   0.195  12.187   1.666  13.153  -0.001  -0.000   1.000   0.005  -1.000  -0.000   1.000   0.005   0.001   0.001  -0.003
   19    0   0.196  14.062   1.666  13.156  -0.000  -0.001   1.000  -1.000  -0.010  -0.000   0.010  -1.000  -0.001   0.004   0.002
   20    0   0.195  15.939   1.666  13.153   0.001  -0.001   1.000   0.004  -1.000  -0.001   1.000   0.004  -0.001   0.001  -0.003
   21    0   0.195  17.811   1.666  13.155  -0.001  -0.001   1.000  -0.006  -1.000  -0.001   1.000  -0.006   0.001   0.001   0.001
   22    0   0.195  19.689   1.666  13.155   0.001  -0.001   1.000   0.995  -0.095  -0.001   0.095   0.995   0.000   0.002   0.002
   23    0   0.195  21.562   1.666  13.153  -0.001  -0.001   1.000   0.032  -0.999  -0.000   0.999   0.032   0.001  -0.001  -0.003
   24    0   0.196  22.499   3.334  13.156  -0.000   0.001   1.000   1.000  -0.000   0.000   0.000   1.000  -0.001   0.004   0.003
   25    0   0.195   1.876   3.334  13.153   0.001   0.001   1.000  -0.000  -1.000   0.001   1.000  -0.000  -0.001   0.000  -0.003
   26    0   0.195   3.748   3.334  13.155  -0.001   0.001   1.000   1.000  -0.000   0.001   0.000   1.000  -0.001   0.001   0.001
   27    0   0.195   5.626   3.334  13.155   0.001   0.001   1.000  -1.000  -0.000   0.001   0.000  -1.000   0.001   0.001   0.001
   28    0   0.195   7.499   3.334  13.153  -0.001   0.001   1.000  -0.000  -1.000   0.001   1.000  -0.000   0.001   0.000  -0.003
   29    0   0.196   9.375   3.334  13.156  -0.000   0.001   1.000   1.000  -0.000   0.000   0.000   1.000  -0.001   0.004   0.001
   30    0   0.195  11.251   3.334  13.153   0.001   0.001   1.000  -0.000  -1.000   0.001   1.000  -0.000  -0.001   0.000  -0.003
   31    0   0.195  13.123   3.334  13.155  -0.001   0.001   1.000   1.000  -0.000   0.001   0.000   1.000  -0.001   0.001   0.001
   32    0   0.196  15.001   3.334  13.155   0.001   0.001   1.000  -1.000  -0.000   0.001   0.000  -1.000   0.001   0.002   0.001
   33    0   0.195  16.874   3.334  13.153  -0.001   0.001   1.000  -0.000  -1.000   0.001   1.000  -0.000   0.001   0.000  -0.004
   34    0   0.196  18.750   3.334  13.156  -0.000   0.001   1.000  -1.000  -0.000  -0.000   0.000  -1.000   0.001   0.004   0.001
   35    0   0.195  20.626   3.334  13.153   0.000   0.001   1.000  -0.000  -1.000   0.001   1.000  -0.000  -0.000   0.001  -0.004
   36    0   0.195   0.938   5.002  13.153   0.001   0.001   1.000  -1.000  -0.000   0.001   0.000  -1.000   0.001   0.003  -0.001
   37    0   0.195   2.812   5.002  13.151  -0.001   0.001   1.000   0.000  -1.000   0.001   1.000   0.000   0.001  -0.000  -0.003
   38    0   0.195   4.687   5.002  13.154  -0.000   0.001   1.000  -1.000  -0.000  -0.000   0.000  -1.000   0.001   0.004   0.000
   39    0   0.195   6.563   5.002  13.152   0.001   0.001   1.000  -0.000  -1.000   0.001   1.000  -0.000  -0.001  -0.001  -0.003
   40    0   0.195   8.436   5.002  13.153  -0.001   0.001   1.000   1.000  -0.000   0.001   0.000   1.000  -0.001   0.001  -0.000
   41    0   0.195  10.314   5.002  13.153   0.001   0.001   1.000  -1.000  -0.000   0.001   0.000  -1.000   0.001   0.002  -0.000
   42    0   0.195  12.187   5.002  13.151  -0.001   0.001   1.000   0.000  -1.000   0.001   1.000   0.000   0.001  -0.001  -0.003
   43    0   0.195  14.062   5.002  13.154  -0.000   0.001   1.000   1.000  -0.000   0.000   0.000   1.000  -0.001   0.004   0.000
   44    0   0.195  15.939   5.002  13.152   0.001   0.001   1.000  -0.000  -1.000   0.001   1.000  -0.000  -0.001  -0.001  -0.003
   45    0   0.195  17.811   5.002  13.153  -0.001   0.001   1.000   1.000  -0.000   0.001   0.000   1.000  -0.001   0.001  -0.000
   46    0   0.195  19.689   5.002  13.153   0.001   0.001   1.000  -1.000  -0.000   0.001   0.000  -1.000   0.001   0.002   0.000
   47    0   0.195  21.562   5.002  13.151  -0.001   0.001   1.000   0.000  -1.000   0.001   1.000   0.000   0.001  -0.002  -0.003
   48    0   0.195  22.499   6.667  13.153  -0.000   0.000   1.000   1.000  -0.000   0.000   0.000   1.000  -0.000   0.004   0.002
   49    0   0.195   1.876   6.667  13.150   0.001   0.000   1.000  -0.000  -1.000   0.000   1.000  -0.000  -0.001  -0.001  -0.003
   50    0   0.195   3.748   6.667  13.152  -0.001   0.000   1.000   1.000  -0.000   0.001   0.000   1.000  -0.000   0.001  -0.001
   51    0   0.195   5.626   6.667  13.152   0.001   0.000   1.000  -1.000  -0.000   0.001   0.000  -1.000   0.000   0.001  -0.001
   52    0   0.195   7.499   6.667  13.150  -0.001   0.000   1.000   0.000  -1.000   0.000   1.000   0.000   0.001  -0.001  -0.003
   53    0   0.195   9.375   6.667  13.153  -0.000   0.000   1.000   1.000   0.000   0.000   0.000   1.000  -0.000   0.004  -0.000
   54    0   0.195  11.251   6.667  13.150   0.001   0.000   1.000  -0.000  -1.000   0.000   1.000  -0.000  -0.001  -0.001  -0.003
   55    0   0.195  13.123   6.667  13.152  -0.001   0.000   1.000   1.000  -0.000   0.001   0.000   1.000  -0.000   0.001  -0.001
   56    0   0.195  15.001   6.667  13.152   0.001   0.000   1.000  -1.000  -0.000   0.001   0.000  -1.000   0.000   0.002  -0.001
   57    0   0.195  16.874   6.667  13.150  -0.001   0.000   1.000   0.000  -1.000   0.000   1.000   0.000   0.001  -0.001  -0.004
   58    0   0.195  18.750   6.667  13.153  -0.000   0.000   1.000  -1.000  -0.000  -0.000   0.000  -1.000   0.000   0.004  -0.000
   59    0   0.195  20.626   6.667  13.150   0.000   0.000   1.000  -0.000  -1.000   0.000   1.000  -0.000  -0.000  -0.001  -0.004
   60    0   0.195   0.938   8.332  13.152   0.001  -0.001   1.000   1.000  -0.000  -0.001   0.000   1.000   0.001   0.003  -0.001
   61    0   0.195   2.812   8.332  13.151  -0.001  -0.001   1.000  -0.000  -1.000  -0.001   1.000  -0.000   0.001  -0.001  -0.003
   62    0   0.195   4.687   8.332  13.154  -0.000  -0.001   1.000   1.000  -0.000   0.000   0.000   1.000   0.001   0.004  -0.000
   63    0   0.195   6.563   8.332  13.151   0.001  -0.001   1.000   0.000  -1.000  -0.001   1.000   0.000  -0.001  -0.001  -0.003
   64    0   0.195   8.436   8.332  13.152  -0.001  -0.001   1.000  -1.000  -0.000  -0.001   0.000  -1.000  -0.001   0.001  -0.001
   65    0   0.195  10.314   8.332  13.153   0.001  -0.001   1.000   1.000  -0.000  -0.001   0.000   1.000   0.001   0.002  -0.000
   66    0   0.195  12.187   8.332  13.151  -0.001  -0.001   1.000  -0.000  -1.000  -0.001   1.000  -0.000   0.001  -0.001  -0.003
   67    0   0.195  14.062   8.332  13.153  -0.000  -0.001   1.000  -1.000  -0.000  -0.000   0.000  -1.000  -0.001   0.004  -0.000
   68    0   0.195  15.939   8.332  13.151   0.001  -0.001   1.000   0.000  -1.000  -0.001   1.000   0.000  -0.001  -0.001  -0.003
   69    0   0.195  17.811   8.332  13.152  -0.001  -0.001   1.000  -1.000  -0.000  -0.001   0.000  -1.000  -0.001   0.001  -0.001
   70    0   0.195  19.689   8.332  13.153   0.001  -0.001   1.000   1.000  -0.000  -0.001   0.000   1.000   0.001   0.002  -0.000
   71    0   0.195  21.562   8.332  13.151  -0.001  -0.001   1.000  -0.000  -1.000  -0.001   1.000  -0.000   0.001  -0.003  -0.003
   72    0   0.195  22.499   9.999  13.155  -0.000  -0.001   1.000   1.000  -0.000   0.000   0.000   1.000   0.001   0.004   0.003
   73    0   0.195   1.876   9.999  13.152   0.001  -0.001   1.000   0.000  -1.000  -0.001   1.000   0.000  -0.001  -0.000  -0.003
   74    0   0.195   3.748   9.999  13.154  -0.001  -0.001   1.000  -1.000  -0.000  -0.001   0.000  -1.000  -0.001   0.001   0.000
   75    0   0.195   5.626   9.999  13.154   0.001  -0.001   1.000   1.000  -0.000  -0.001   0.000   1.000   0.001   0.001   0.001
   76    0   0.195   7.499   9.999  13.152  -0.001  -0.001   1.000  -0.000  -1.000  -0.001   1.000  -0.000   0.001  -0.000  -0.003
   77    0   0.196   9.375   9.999  13.155  -0.000  -0.001   1.000  -1.000  -0.000  -0.000   0.000  -1.000  -0.001   0.004   0.001
   78    0   0.195  11.251   9.999  13.152   0.001  -0.001   1.000   0.000  -1.000  -0.001   1.000   0.000  -0.001   0.000  -0.003
   79    0   0.195  13.123   9.999  13.154  -0.001  -0.001   1.000  -1.000  -0.000  -0.001   0.000  -1.000  -0.001   0.001   0.000
   80    0   0.195  15.001   9.999  13.154   0.001  -0.001   1.000   1.000  -0.000  -0.001   0.000   1.000   0.001   0.002   0.001
   81    0   0.195  16.874   9.999  13.152  -0.001  -0.001   1.000  -0.000  -1.000  -0.001   1.000  -0.000   0.001  -0.000  -0.004
   82    0   0.196  18.750   9.999  13.155  -0.000  -0.001   1.000   1.000  -0.000   0.000   0.000   1.000   0.001   0.004   0.001
   83    0   0.195  20.626   9.999  13.152   0.000  -0.001   1.000  -0.000  -1.000  -0.001   1.000  -0.000  -0.000   0.000  -0.004
   84    0   0.195   0.938  11.667  13.155   0.001  -0.000   1.000   0.999  -0.038  -0.001   0.038   0.999  -0.000   0.003   0.001
   85    0   0.195   2.812  11.667  13.153  -0.001  -0.000   1.000   0.004  -1.000  -0.000   1.000   0.004   0.001   0.001  -0.003
   86    0   0.196   4.687  11.667  13.156  -0.000  -0.000   1.000  -1.000  -0.009  -0.000   0.009  -1.000  -0.000   0.004   0.002
   87    0   0.195   6.563  11.667  13.153   0.001  -0.000   1.000   0.005  -1.000  -0.000   1.000   0.005  -0.001   0.001  -0.003
   88    0   0.195   8.436  11.667  13.155  -0.001  -0.000   1.000  -0.028  -1.000  -0.000   1.000  -0.028   0.001   0.001   0.001
   89    0   0.196  10.314  11.667  13.155   0.001  -0.000   1.000  -1.000  -0.023   0.001   0.023  -1.000  -0.000   0.002   0.001
   90    0   0.195  12.187  11.667  13.153  -0.001  -0.000   1.000   0.004  -1.000  -0.000   1.000   0.004   0.001   0.001  -0.003
   91    0   0.196  14.062  11.667  13.156  -0.000  -0.000   1.000  -1.000  -0.009  -0.000   0.009  -1.000  -0.000   0.004   0.002
   92    0   0.195  15.939  11.667  13.153   0.001  -0.000   1.000   0.005  -1.000  -0.000   1.000   0.005  -0.001   0.001  -0.003
   93    0   0.195  17.811  11.667  13.155  -0.001  -0.000   1.000  -0.011  -1.000  -0.000   1.000  -0.011   0.001   0.001   0.001
   94    0   0.196  19.689  11.667  13.155   0.001  -0.000   1.000  -0.999  -0.050   0.001   0.050  -0.999  -0.000   0.002   0.001
   95    0   0.195  21.562  11.667  13.153  -0.001  -0.000   1.000  -0.034  -0.999  -0.000   0.999  -0.034   0.001  -0.001  -0.003
   96    0   0.195  22.499  13.334  13.155  -0.001   0.000   1.000  -0.972  -0.233  -0.001   0.233  -0.972   0.000   0.005   0.001
   97    0   0.195   1.876  13.334  13.153   0.001   0.001   1.000   0.133  -0.991   0.001   0.991   0.133  -0.001  -0.000  -0.004
   98    0   0.195   3.749  13.334  13.154  -0.001   0.001   1.000  -0.901  -0.435  -0.001   0.435  -0.901   0.001   0.002  -0.000
   99    0   0.195   5.626  13.334  13.154   0.001   0.001   1.000   0.889  -0.457  -0.000   0.457   0.889  -0.001   0.002  -0.000
  100    0   0.195   7.500  13.334  13.153  -0.000   0.001   1.000  -0.122  -0.993   0.001   0.993  -0.122   0.000  -0.000  -0.003
  101    0   0.195   9.374  13.334  13.155  -0.000   0.001   1.000  -1.000  -0.021  -0.000   0.021  -1.000   0.001   0.004   0.000
  102    0   0.195  11.251  13.334  13.153   0.001   0.001   1.000   0.160  -0.987   0.001   0.987   0.160  -0.001   0.000  -0.003
  103    0   0.195  13.124  13.334  13.154  -0.001   0.001   1.000  -0.874  -0.485  -0.001   0.485  -0.874   0.001   0.002  -0.000
  104    0   0.195  15.001  13.334  13.154   0.001   0.001   1.000   0.915  -0.404  -0.000   0.404   0.915  -0.001   0.002  -0.000
  105    0   0.195  16.875  13.334  13.152  -0.000   0.001   1.000  -0.104  -0.995   0.001   0.995  -0.104   0.000  -0.000  -0.004
  106    0   0.195  18.749  13.334  13.155  -0.000   0.001   1.000  -0.999  -0.041  -0.000   0.041  -0.999   0.001   0.004   0.000
  107    0   0.195  20.626  13.334  13.153   0.001   0.001   1.000   0.196  -0.981   0.000   0.981   0.196  -0.001   0.000  -0.005
  108    0   0.195   0.469   0.833  13.155   0.000  -0.000   1.000   0.870  -0.493  -0.000   0.493   0.870   0.000   0.005  -0.000
  109    0   0.195   1.407  15.833  13.153   0.001  -0.001   1.000   0.403  -0.915  -0.002   0.915   0.403  -0.001  -0.000  -0.001
  110    0   0.195   2.343  15.833  13.152   0.000  -0.001   1.000  -0.486  -0.874  -0.001   0.874  -0.486  -0.000  -0.000  -0.004
  111    0   0.195   3.280  15.833  13.153  -0.001  -0.001   1.000   0.538  -0.843   0.000   0.843   0.538   0.002  -0.000  -0.001
  112    0   0.195   4.218  15.833  13.155  -0.001  -0.001   1.000   0.897  -0.443   0.000   0.443   0.897   0.001   0.003   0.000
  113    0   0.195   5.157  15.833  13.155   0.001  -0.001   1.000  -0.899  -0.438   0.000   0.438  -0.899  -0.001   0.003   0.000
  114    0   0.195   6.095  15.833  13.153   0.002  -0.001   1.000  -0.406  -0.914   0.000   0.914  -0.406  -0.002  -0.000  -0.001
  115    0   0.195   7.031  15.833  13.152   0.000  -0.001   1.000   0.430  -0.903  -0.001   0.903   0.430   0.000  -0.000  -0.003
  116    0   0.195   7.967  15.833  13.153  -0.001  -0.001   1.000  -0.540  -0.842  -0.002   0.842  -0.540   0.001  -0.000  -0.001
  117    0   0.195   8.906  15.833  13.155  -0.001  -0.001   1.000  -0.920  -0.392  -0.001   0.392  -0.920  -0.000   0.003   0.000
  118    0   0.195   9.845  15.833  13.155   0.001  -0.001   1.000   0.880  -0.475  -0.001   0.475   0.880   0.000   0.003   0.000
  119    0   0.195  10.782  15.833  13.153   0.001  -0.001   1.000   0.317  -0.949  -0.002   0.949   0.317  -0.001  -0.000  -0.001
  120    0   0.195  11.719  15.833  13.152   0.000  -0.001   1.000  -0.475  -0.880  -0.001   0.880  -0.475  -0.000  -0.000  -0.003
  121    0   0.195  12.655  15.833  13.153  -0.001  -0.001   1.000   0.514  -0.858   0.000   0.858   0.514   0.001  -0.000  -0.001
  122    0   0.195  13.593  15.833  13.155  -0.001  -0.001   1.000   0.898  -0.440   0.000   0.440   0.898   0.001   0.002   0.000
  123    0   0.195  14.532  15.833  13.155   0.001  -0.001   1.000  -0.900  -0.436   0.000   0.436  -0.900  -0.001   0.003   0.000
  124    0   0.195  15.470  15.833  13.153   0.002  -0.001   1.000  -0.378  -0.926   0.000   0.926  -0.378  -0.002  -0.000  -0.001
  125    0   0.195  16.406  15.833  13.152   0.000  -0.001   1.000   0.428  -0.904  -0.001   0.904   0.428   0.000  -0.000  -0.003
  126    0   0.195  17.342  15.833  13.153  -0.001  -0.001   1.000  -0.529  -0.849  -0.002   0.849  -0.529   0.001  -0.000  -0.002
  127    0   0.195  18.281  15.833  13.155  -0.001  -0.001   1.000  -0.920  -0.392  -0.001   0.392  -0.920  -0.000   0.002   0.000
  128    0   0.195  19.220  15.833  13.155   0.001  -0.001   1.000   0.876  -0.483  -0.001   0.483   0.876   0.000   0.003   0.000
  129    0   0.195  20.157  15.833  13.153   0.002  -0.001   1.000   0.233  -0.972  -0.002   0.972   0.233  -0.001  -0.000  -0.001
  130    0   0.195  22.031   0.833  13.154  -0.001   0.000   1.000  -0.957  -0.291  -0.001   0.291  -0.957   0.001   0.001  -0.000
  131    0   0.195  21.093  15.833  13.152  -0.000  -0.001   1.000  -0.508  -0.862  -0.001   0.862  -0.508  -0.000  -0.000  -0.005
  132    0   0.195   1.875   1.666  13.154   0.001  -0.001   1.000  -0.014  -1.000  -0.000   1.000  -0.014  -0.001   0.003  -0.000
  133    0   0.195   1.407   2.500  13.154   0.002   0.000   1.000  -0.363  -0.932   0.001   0.932  -0.363  -0.001   0.000  -0.001
  134    0   0.195   2.344   2.500  13.153   0.000   0.000   1.000   0.420  -0.907   0.000   0.907   0.420  -0.000   0.000  -0.003
  135    0   0.195   3.750   1.666  13.155  -0.002  -0.001   1.000   0.084  -0.996  -0.000   0.996   0.084   0.002   0.001   0.000
  136    0   0.195   3.280   2.500  13.154  -0.001  -0.000   1.000  -0.346  -0.938  -0.001   0.938  -0.346   0.001   0.000  -0.001
  137    0   0.196   4.218   2.500  13.155  -0.001   0.000   1.000  -0.863  -0.505  -0.001   0.505  -0.863   0.001   0.003   0.000
  138    0   0.195   5.625   1.666  13.155   0.002  -0.001   1.000  -0.040  -0.999  -0.000   0.999  -0.040  -0.002   0.001   0.000
  139    0   0.196   5.157   2.500  13.156   0.001   0.000   1.000   0.865  -0.502  -0.001   0.502   0.865  -0.001   0.003   0.000
  140    0   0.195   6.095   2.500  13.154   0.002  -0.000   1.000   0.319  -0.948  -0.001   0.948   0.319  -0.001   0.000  -0.001
  141    0   0.195   7.500   1.666  13.154  -0.001  -0.001   1.000  -0.006  -1.000  -0.001   1.000  -0.006   0.001   0.003  -0.000
  142    0   0.195   7.031   2.500  13.153   0.000   0.000   1.000  -0.404  -0.915   0.000   0.915  -0.404  -0.000   0.000  -0.003
  143    0   0.195   7.968   2.500  13.154  -0.001   0.000   1.000   0.346  -0.938   0.001   0.938   0.346   0.001   0.000  -0.001
  144    0   0.196   9.375   1.666  13.155  -0.000  -0.001   1.000   0.999  -0.038   0.000   0.038   0.999   0.001   0.001  -0.001
  145    0   0.196   8.905   2.500  13.155  -0.001  -0.000   1.000   0.863  -0.506   0.001   0.506   0.863   0.001   0.003   0.000
  146    0   0.196   9.844   2.500  13.156   0.001  -0.000   1.000  -0.865  -0.501   0.001   0.501  -0.865  -0.000   0.003   0.000
  147    0   0.195  11.250   1.666  13.154   0.001  -0.001   1.000  -0.018  -1.000  -0.000   1.000  -0.018  -0.001   0.003  -0.000
  148    0   0.195  10.782   2.500  13.154   0.002   0.000   1.000  -0.299  -0.954   0.001   0.954  -0.299  -0.001   0.000  -0.001
  149    0   0.195  11.719   2.500  13.153   0.000   0.000   1.000   0.405  -0.914   0.000   0.914   0.405  -0.000   0.000  -0.003
  150    0   0.195  13.125   1.666  13.155  -0.002  -0.001   1.000   0.060  -0.998  -0.000   0.998   0.060   0.002   0.001   0.000
  151    0   0.195  12.655   2.500  13.154  -0.001  -0.000   1.000  -0.354  -0.935  -0.001   0.935  -0.354   0.001   0.000  -0.001
  152    0   0.196  13.593   2.500  13.155  -0.001   0.000   1.000  -0.861  -0.509  -0.001   0.509  -0.861   0.001   0.003   0.000
  153    0   0.196  15.000   1.666  13.155   0.002  -0.001   1.000  -0.051  -0.999  -0.000   0.999  -0.051  -0.002   0.000   0.000
  154    0   0.196  14.532   2.500  13.156   0.001   0.000   1.000   0.866  -0.500  -0.001   0.500   0.866  -0.001   0.003   0.000
  155    0   0.195  15.470   2.500  13.154   0.002  -0.000   1.000   0.290  -0.957  -0.001   0.957   0.290  -0.001   0.000  -0.001
  156    0   0.195  16.875   1.666  13.154  -0.001  -0.001   1.000  -0.007  -1.000  -0.001   1.000  -0.007   0.001   0.003  -0.000
  157    0   0.195  16.406   2.500  13.153   0.000   0.000   1.000  -0.404  -0.915   0.000   0.915  -0.404  -0.000   0.000  -0.003
  158    0   0.195  17.343   2.500  13.154  -0.001   0.000   1.000   0.358  -0.934   0.001   0.934   0.358   0.001   0.000  -0.001
  159    0   0.196  18.750   1.666  13.155  -0.000  -0.001   1.000   0.999  -0.037   0.000   0.037   0.999   0.001   0.001  -0.001
  160    0   0.196  18.280   2.500  13.155  -0.001  -0.000   1.000   0.859  -0.512   0.001   0.512   0.859   0.001   0.003   0.000
  161    0   0.196  19.219   2.500  13.156   0.001  -0.000   1.000  -0.862  -0.507   0.001   0.507  -0.862  -0.000   0.003   0.000
  162    0   0.195  20.625   1.666  13.154   0.001  -0.001   1.000  -0.025  -1.000  -0.000   1.000  -0.025  -0.001   0.003  -0.000
  163    0   0.195  20.157   2.500  13.154   0.002   0.000   1.000  -0.248  -0.969   0.001   0.969  -0.248  -0.001   0.000  -0.000
  164    0   0.195  21.094   2.500  13.153  -0.000  -0.000   1.000   0.448  -0.894  -0.000   0.894   0.448   0.000   0.000  -0.005
  165    0   0.196  22.500   1.666  13.154  -0.001  -0.001   1.000   1.000  -0.022   0.001   0.022   1.000   0.001   0.000  -0.003
  166    0   0.196  22.969   2.500  13.156   0.000  -0.000   1.000  -0.862  -0.507   0.000   0.507  -0.862  -0.001   0.005   0.000
  167    0   0.196  22.031   2.500  13.155  -0.002  -0.001   1.000   0.753  -0.659   0.000   0.659   0.753   0.002   0.001   0.000
  168    0   0.196  23.438   3.334  13.155   0.002   0.001   1.000   1.000  -0.000  -0.002   0.000   1.000  -0.001   0.000   0.000
  169    0   0.196  22.969   4.168  13.155   0.000   0.002   1.000   0.871  -0.491   0.000   0.491   0.871  -0.001   0.005   0.000
  170    0   0.195   1.407   4.168  13.153   0.002   0.001   1.000   0.424  -0.906  -0.000   0.906   0.424  -0.002   0.000  -0.001
  171    0   0.195   2.812   3.334  13.154  -0.001   0.001   1.000   0.000  -1.000   0.001   1.000   0.000   0.001   0.002  -0.000
  172    0   0.195   2.344   4.168  13.152   0.000   0.001   1.000  -0.443  -0.897   0.001   0.897  -0.443   0.000  -0.000  -0.004
  173    0   0.195   3.280   4.168  13.153  -0.001   0.001   1.000   0.403  -0.915   0.002   0.915   0.403   0.001   0.000  -0.001
  174    0   0.196   4.687   3.334  13.155  -0.000   0.001   1.000   1.000  -0.000   0.000   0.000   1.000  -0.001   0.001  -0.001
  175    0   0.196   4.218   4.168  13.155  -0.001   0.001   1.000   0.883  -0.469   0.001   0.469   0.883  -0.000   0.003   0.000
  176    0   0.196   5.157   4.168  13.155   0.001   0.001   1.000  -0.884  -0.468   0.001   0.468  -0.884   0.000   0.003   0.000
  177    0   0.195   6.563   3.334  13.154   0.001   0.001   1.000   0.000  -1.000   0.001   1.000   0.000  -0.001   0.002  -0.000
  178    0   0.195   6.095   4.168  13.153   0.002   0.001   1.000  -0.386  -0.922   0.002   0.922  -0.386  -0.001   0.000  -0.001
  179    0   0.195   7.031   4.168  13.152   0.000   0.001   1.000   0.428  -0.904   0.001   0.904   0.428  -0.000  -0.000  -0.003
  180    0   0.196   8.437   3.334  13.154  -0.002   0.001   1.000  -0.000  -1.000   0.001   1.000  -0.000   0.002   0.000   0.000
  181    0   0.195   7.968   4.168  13.153  -0.001   0.001   1.000  -0.401  -0.916  -0.000   0.916  -0.401   0.002   0.000  -0.001
  182    0   0.196   8.905   4.168  13.155  -0.001   0.001   1.000  -0.883  -0.470  -0.000   0.470  -0.883   0.001   0.003   0.000
  183    0   0.196  10.313   3.334  13.155   0.002   0.001   1.000   1.000  -0.000  -0.002   0.000   1.000  -0.001   0.000   0.000
  184    0   0.196   9.844   4.168  13.155   0.001   0.001   1.000   0.884  -0.468  -0.000   0.468   0.884  -0.001   0.003   0.000
  185    0   0.195  10.782   4.168  13.153   0.002   0.001   1.000   0.379  -0.925  -0.000   0.925   0.379  -0.002   0.000  -0.001
  186    0   0.195  12.187   3.334  13.153  -0.001   0.001   1.000   0.000  -1.000   0.001   1.000   0.000   0.001   0.002  -0.000
  187    0   0.195  11.719   4.168  13.152   0.000   0.001   1.000  -0.428  -0.904   0.001   0.904  -0.428   0.000  -0.000  -0.003
  188    0   0.195  12.655   4.168  13.153  -0.001   0.001   1.000   0.404  -0.915   0.002   0.915   0.404   0.001   0.000  -0.001
  189    0   0.196  14.062   3.334  13.155  -0.000   0.001   1.000   1.000  -0.000   0.000   0.000   1.000  -0.001   0.001  -0.001
  190    0   0.196  13.593   4.168  13.155  -0.001   0.001   1.000   0.882  -0.471   0.001   0.471   0.882  -0.000   0.003   0.000
  191    0   0.196  14.532   4.168  13.155   0.001   0.001   1.000  -0.884  -0.467   0.001   0.467  -0.884   0.000   0.003   0.000
  192    0   0.195  15.938   3.334  13.154   0.001   0.001   1.000   0.000  -1.000   0.001   1.000   0.000  -0.001   0.002  -0.000
  193    0   0.195  15.470   4.168  13.153   0.002   0.001   1.000  -0.370  -0.929   0.002   0.929  -0.370  -0.001   0.000  -0.001
  194    0   0.195  16.406   4.168  13.152   0.000   0.001   1.000   0.428  -0.904   0.001   0.904   0.428  -0.001  -0.000  -0.003
  195    0   0.195  17.812   3.334  13.154  -0.002   0.001   1.000  -0.000  -1.000   0.001   1.000  -0.000   0.002   0.000   0.000
  196    0   0.195  17.343   4.168  13.153  -0.001   0.001   1.000  -0.407  -0.913   0.000   0.913  -0.407   0.002   0.000  -0.001
  197    0   0.196  18.280   4.168  13.154  -0.001   0.001   1.000  -0.881  -0.474  -0.000   0.474  -0.881   0.002   0.002   0.000
  198    0   0.196  19.688   3.334  13.155   0.002   0.001   1.000   1.000  -0.000  -0.002   0.000   1.000  -0.001   0.000  -0.000
  199    0   0.196  19.219   4.168  13.155   0.001   0.001   1.000   0.879  -0.477  -0.000   0.477   0.879  -0.001   0.003   0.000
  200    0   0.195  20.157   4.168  13.153   0.002   0.001   1.000   0.355  -0.935  -0.000   0.935   0.355  -0.002   0.000  -0.000
  201    0   0.195  21.563   3.334  13.154  -0.002   0.001   1.000   0.000  -1.000   0.001   1.000   0.000   0.002   0.004  -0.000
  202    0   0.195  22.031   4.168  13.154  -0.002   0.002   1.000  -0.832  -0.555  -0.000   0.555  -0.832   0.003   0.001   0.000
  203    0   0.195  21.094   4.168  13.152  -0.000   0.001   1.000  -0.464  -0.886   0.001   0.886  -0.464   0.001   0.000  -0.005
  204    0   0.195   1.875   5.002  13.152   0.001   0.001   1.000   0.000  -1.000   0.001   1.000   0.000  -0.001   0.002  -0.000
  205    0   0.195   1.407   5.834  13.152   0.002   0.001   1.000  -0.567  -0.824   0.002   0.824  -0.567  -0.001  -0.000  -0.001
  206    0   0.195   2.344   5.834  13.151   0.000   0.001   1.000   0.493  -0.870   0.001   0.870   0.493  -0.000  -0.000  -0.004
  207    0   0.195   3.750   5.002  13.153  -0.002   0.001   1.000  -1.000  -0.000  -0.002   0.000  -1.000   0.001   0.000  -0.001
  208    0   0.195   3.280   5.834  13.152  -0.001   0.000   1.000  -0.566  -0.824  -0.000   0.824  -0.566   0.001  -0.000  -0.001
  209    0   0.195   4.218   5.834  13.153  -0.001   0.001   1.000  -0.913  -0.408  -0.000   0.408  -0.913   0.001   0.003  -0.000
  210    0   0.195   5.625   5.002  13.153   0.002   0.001   1.000   1.000  -0.000  -0.002   0.000   1.000  -0.001   0.000  -0.001
  211    0   0.195   5.157   5.834  13.153   0.001   0.001   1.000   0.912  -0.410  -0.000   0.410   0.912  -0.001   0.003  -0.000
  212    0   0.195   6.095   5.834  13.152   0.002   0.000   1.000   0.589  -0.808  -0.001   0.808   0.589  -0.001  -0.000  -0.001
  213    0   0.195   7.500   5.002  13.152  -0.001   0.001   1.000  -0.000  -1.000   0.001   1.000  -0.000   0.001   0.001  -0.000
  214    0   0.195   7.031   5.834  13.151   0.000   0.001   1.000  -0.480  -0.877   0.001   0.877  -0.480   0.000  -0.000  -0.003
  215    0   0.195   7.968   5.834  13.152  -0.001   0.001   1.000   0.549  -0.836   0.002   0.836   0.549   0.001  -0.000  -0.001
  216    0   0.196   9.375   5.002  13.154  -0.000   0.001   1.000  -1.000  -0.000  -0.000   0.000  -1.000   0.001   0.001  -0.002
  217    0   0.195   8.905   5.834  13.153  -0.001   0.001   1.000   0.914  -0.407   0.001   0.407   0.914  -0.000   0.003  -0.000
  218    0   0.195   9.844   5.834  13.153   0.001   0.001   1.000  -0.912  -0.410   0.001   0.410  -0.912   0.000   0.003  -0.000
  219    0   0.195  11.250   5.002  13.152   0.001   0.001   1.000   0.000  -1.000   0.001   1.000   0.000  -0.001   0.001  -0.000
  220    0   0.195  10.782   5.834  13.152   0.002   0.001   1.000  -0.611  -0.791   0.002   0.791  -0.611  -0.001  -0.000  -0.001
  221    0   0.195  11.719   5.834  13.151   0.000   0.001   1.000   0.480  -0.877   0.001   0.877   0.480  -0.000  -0.000  -0.003
  222    0   0.195  13.125   5.002  13.153  -0.002   0.001   1.000  -1.000  -0.000  -0.002   0.000  -1.000   0.001   0.000  -0.001
  223    0   0.195  12.655   5.834  13.151  -0.001   0.000   1.000  -0.540  -0.842  -0.000   0.842  -0.540   0.001  -0.000  -0.001
  224    0   0.195  13.593   5.834  13.153  -0.001   0.001   1.000  -0.914  -0.406  -0.001   0.406  -0.914   0.001   0.002  -0.000
  225    0   0.195  15.000   5.002  13.153   0.002   0.001   1.000   1.000  -0.000  -0.002   0.000   1.000  -0.001   0.000  -0.001
  226    0   0.195  14.532   5.834  13.153   0.001   0.001   1.000   0.912  -0.411  -0.000   0.411   0.912  -0.001   0.003  -0.000
  227    0   0.195  15.470   5.834  13.152   0.002   0.000   1.000   0.641  -0.768  -0.001   0.768   0.641  -0.001  -0.000  -0.001
  228    0   0.195  16.875   5.002  13.152  -0.001   0.001   1.000  -0.000  -1.000   0.001   1.000  -0.000   0.001   0.002  -0.000
  229    0   0.195  16.406   5.834  13.151   0.000   0.001   1.000  -0.480  -0.877   0.001   0.877  -0.480   0.000  -0.000  -0.003
  230    0   0.195  17.343   5.834  13.151  -0.001   0.001   1.000   0.532  -0.847   0.002   0.847   0.532   0.001  -0.000  -0.002
  231    0   0.196  18.750   5.002  13.154  -0.000   0.001   1.000  -1.000  -0.000  -0.000   0.000  -1.000   0.001   0.001  -0.002
  232    0   0.195  18.280   5.834  13.153  -0.001   0.001   1.000   0.914  -0.407   0.001   0.407   0.914  -0.000   0.002  -0.000
  233    0   0.195  19.219   5.834  13.153   0.001   0.001   1.000  -0.906  -0.423   0.001   0.423  -0.906   0.000   0.003  -0.000
  234    0   0.195  20.625   5.002  13.152   0.001   0.001   1.000   0.000  -1.000   0.001   1.000   0.000  -0.001   0.001  -0.000
  235    0   0.195  20.157   5.834  13.152   0.002   0.001   1.000  -0.748  -0.664   0.002   0.664  -0.748  -0.000  -0.000  -0.001
  236    0   0.195  21.094   5.834  13.151  -0.000   0.000   1.000   0.497  -0.868   0.000   0.868   0.497   0.000  -0.000  -0.005
  237    0   0.195  22.500   5.002  13.152  -0.001   0.001   1.000  -1.000  -0.000  -0.001   0.000  -1.000   0.001   0.000  -0.005
  238    0   0.195  22.969   5.834  13.153   0.000   0.000   1.000  -0.888  -0.459   0.000   0.459  -0.888  -0.000   0.005  -0.000
  239    0   0.195  22.031   5.834  13.152  -0.002  -0.000   1.000   0.924  -0.382   0.001   0.382   0.924   0.001   0.001  -0.000
  240    0   0.195  23.438   6.667  13.152   0.002   0.000   1.000   1.000  -0.000  -0.002   0.000   1.000  -0.000   0.000  -0.002
  241    0   0.195  22.969   7.500  13.153   0.000   0.000   1.000   0.893  -0.451  -0.000   0.451   0.893  -0.000   0.005  -0.000
  242    0   0.195   1.407   7.500  13.151   0.002  -0.001   1.000   0.611  -0.792  -0.001   0.792   0.611  -0.001  -0.000  -0.001
  243    0   0.195   2.812   6.667  13.151  -0.001   0.000   1.000  -0.000  -1.000   0.000   1.000  -0.000   0.001   0.001  -0.000
  244    0   0.195   2.344   7.500  13.150   0.000  -0.000   1.000  -0.507  -0.862  -0.000   0.862  -0.507  -0.000  -0.000  -0.004
  245    0   0.195   3.280   7.500  13.151  -0.001   0.000   1.000   0.619  -0.785   0.001   0.785   0.619   0.001  -0.000  -0.001
  246    0   0.195   4.687   6.667  13.152  -0.000   0.000   1.000  -1.000  -0.000  -0.000   0.000  -1.000   0.000   0.001  -0.003
  247    0   0.195   4.218   7.500  13.153  -0.001  -0.000   1.000   0.920  -0.393   0.001   0.393   0.920   0.001   0.003  -0.000
  248    0   0.195   5.157   7.500  13.153   0.001  -0.000   1.000  -0.919  -0.395   0.001   0.395  -0.919  -0.001   0.003  -0.000
  249    0   0.195   6.563   6.667  13.151   0.001   0.000   1.000   0.000  -1.000   0.000   1.000   0.000  -0.001   0.001  -0.000
  250    0   0.195   6.095   7.500  13.151   0.002   0.000   1.000  -0.656  -0.755   0.001   0.755  -0.656  -0.001  -0.000  -0.001
  251    0   0.195   7.031   7.500  13.150   0.000  -0.000   1.000   0.495  -0.869  -0.000   0.869   0.495   0.000  -0.000  -0.003
  252    0   0.195   8.437   6.667  13.152  -0.002   0.000   1.000  -1.000  -0.000  -0.002   0.000  -1.000   0.000   0.000  -0.001
  253    0   0.195   7.968   7.500  13.151  -0.001  -0.001   1.000  -0.596  -0.803  -0.001   0.803  -0.596   0.001  -0.000  -0.001
  254    0   0.195   8.905   7.500  13.153  -0.001  -0.000   1.000  -0.920  -0.392  -0.001   0.392  -0.920   0.000   0.003  -0.000
  255    0   0.195  10.313   6.667  13.152   0.002   0.000   1.000   1.000  -0.000  -0.002   0.000   1.000  -0.000   0.000  -0.002
  256    0   0.195   9.844   7.500  13.153   0.001  -0.000   1.000   0.918  -0.396  -0.001   0.396   0.918  -0.000   0.003  -0.000
  257    0   0.195  10.782   7.500  13.151   0.002  -0.001   1.000   0.687  -0.727  -0.001   0.727   0.687  -0.001  -0.000  -0.001
  258    0   0.195  12.187   6.667  13.151  -0.001   0.000   1.000  -0.000  -1.000   0.000   1.000  -0.000   0.001   0.001  -0.000
  259    0   0.195  11.719   7.500  13.150   0.000  -0.000   1.000  -0.495  -0.869  -0.000   0.869  -0.495  -0.000  -0.000  -0.003
  260    0   0.195  12.655   7.500  13.151  -0.001   0.000   1.000   0.583  -0.812   0.001   0.812   0.583   0.001  -0.000  -0.001
  261    0   0.195  14.062   6.667  13.152  -0.000   0.000   1.000  -1.000  -0.000  -0.000   0.000  -1.000   0.000   0.001  -0.003
  262    0   0.195  13.593   7.500  13.153  -0.001  -0.000   1.000   0.921  -0.390   0.001   0.390   0.921   0.001   0.002  -0.000
  263    0   0.195  14.532   7.500  13.153   0.001  -0.000   1.000  -0.918  -0.397   0.001   0.397  -0.918  -0.001   0.003  -0.000
  264    0   0.195  15.938   6.667  13.151   0.001   0.000   1.000   0.000  -1.000   0.000   1.000   0.000  -0.001   0.001  -0.000
  265    0   0.195  15.470   7.500  13.151   0.002   0.000   1.000  -0.726  -0.688   0.001   0.688  -0.726  -0.001  -0.000  -0.001
  266    0   0.195  16.406   7.500  13.150   0.000  -0.000   1.000   0.496  -0.869  -0.000   0.869   0.496  -0.000  -0.000  -0.003
  267    0   0.195  17.812   6.667  13.152  -0.002   0.000   1.000  -1.000  -0.000  -0.002   0.000  -1.000   0.000   0.000  -0.001
  268    0   0.195  17.343   7.500  13.151  -0.001  -0.001   1.000  -0.572  -0.820  -0.001   0.820  -0.572   0.001  -0.000  -0.002
  269    0   0.195  18.280   7.500  13.153  -0.001  -0.000   1.000  -0.921  -0.391  -0.001   0.391  -0.921   0.000   0.002  -0.000
  270    0   0.195  19.688   6.667  13.152   0.002   0.000   1.000   1.000  -0.000  -0.002   0.000   1.000  -0.000   0.000  -0.002
  271    0   0.195  19.219   7.500  13.153   0.001  -0.000   1.000   0.912  -0.409  -0.001   0.409   0.912  -0.000   0.003  -0.000
  272    0   0.195  20.157   7.500  13.151   0.002  -0.001   1.000   0.841  -0.541  -0.002   0.541   0.841  -0.000  -0.000  -0.001
  273    0   0.195  21.563   6.667  13.152  -0.002   0.000   1.000  -0.000  -1.000   0.000   1.000  -0.000   0.002   0.003  -0.000
  274    0   0.195  22.031   7.500  13.152  -0.002   0.001   1.000  -0.937  -0.348  -0.001   0.348  -0.937   0.001   0.001  -0.000
  275    0   0.195  21.094   7.500  13.150  -0.000   0.000   1.000  -0.506  -0.862  -0.000   0.862  -0.506   0.000  -0.000  -0.005
  276    0   0.195   1.875   8.332  13.151   0.001  -0.001   1.000  -0.000  -1.000  -0.001   1.000  -0.000  -0.001   0.001  -0.000
  277    0   0.195   1.407   9.165  13.152   0.002  -0.001   1.000  -0.491  -0.871   0.000   0.871  -0.491  -0.002  -0.000  -0.001
  278    0   0.195   2.344   9.165  13.151   0.000  -0.001   1.000   0.468  -0.884  -0.001   0.884   0.468   0.000  -0.000  -0.004
  279    0   0.195   3.750   8.332  13.152  -0.002  -0.001   1.000   1.000  -0.000   0.002   0.000   1.000   0.001   0.000  -0.001
  280    0   0.195   3.280   9.165  13.152  -0.001  -0.001   1.000  -0.479  -0.878  -0.002   0.878  -0.479   0.001  -0.000  -0.001
  281    0   0.195   4.218   9.165  13.154  -0.001  -0.001   1.000  -0.900  -0.437  -0.001   0.437  -0.900  -0.000   0.003   0.000
  282    0   0.195   5.625   8.332  13.152   0.002  -0.001   1.000  -1.000  -0.000   0.002   0.000  -1.000  -0.001   0.000  -0.001
  283    0   0.195   5.157   9.165  13.154   0.001  -0.001   1.000   0.899  -0.437  -0.001   0.437   0.899   0.000   0.003   0.000
  284    0   0.195   6.095   9.165  13.152   0.002  -0.001   1.000   0.478  -0.878  -0.002   0.878   0.478  -0.001  -0.000  -0.001
  285    0   0.195   7.500   8.332  13.151  -0.001  -0.001   1.000   0.000  -1.000  -0.001   1.000   0.000   0.001   0.001  -0.000
  286    0   0.195   7.031   9.165  13.151   0.000  -0.001   1.000  -0.454  -0.891  -0.001   0.891  -0.454  -0.001  -0.000  -0.003
  287    0   0.195   7.968   9.165  13.152  -0.001  -0.001   1.000   0.469  -0.883   0.000   0.883   0.469   0.002  -0.000  -0.001
  288    0   0.196   9.375   8.332  13.153  -0.000  -0.001   1.000   1.000  -0.000   0.000   0.000   1.000   0.001   0.001  -0.003
  289    0   0.195   8.905   9.165  13.154  -0.001  -0.001   1.000   0.900  -0.436   0.000   0.436   0.900   0.001   0.003   0.000
  290    0   0.195   9.844   9.165  13.154   0.001  -0.001   1.000  -0.899  -0.437   0.000   0.437  -0.899  -0.001   0.003   0.000
  291    0   0.195  11.250   8.332  13.151   0.001  -0.001   1.000  -0.000  -1.000  -0.001   1.000  -0.000  -0.001   0.001  -0.000
  292    0   0.195  10.782   9.165  13.152   0.002  -0.001   1.000  -0.483  -0.876   0.000   0.876  -0.483  -0.002  -0.000  -0.001
  293    0   0.195  11.719   9.165  13.151   0.000  -0.001   1.000   0.454  -0.891  -0.001   0.891   0.454   0.000  -0.000  -0.003
  294    0   0.195  13.125   8.332  13.152  -0.002  -0.001   1.000   1.000  -0.000   0.002   0.000   1.000   0.001   0.000  -0.001
  295    0   0.195  12.655   9.165  13.152  -0.001  -0.001   1.000  -0.467  -0.884  -0.002   0.884  -0.467   0.001  -0.000  -0.001
  296    0   0.195  13.593   9.165  13.154  -0.001  -0.001   1.000  -0.900  -0.436  -0.001   0.436  -0.900  -0.000   0.003   0.000
  297    0   0.195  15.000   8.332  13.152   0.002  -0.001   1.000  -1.000  -0.000   0.002   0.000  -1.000  -0.001   0.000  -0.001
  298    0   0.195  14.532   9.165  13.154   0.001  -0.001   1.000   0.899  -0.438  -0.001   0.438   0.899   0.000   0.003   0.000
  299    0   0.195  15.470   9.165  13.152   0.002  -0.001   1.000   0.489  -0.872  -0.002   0.872   0.489  -0.001  -0.000  -0.001
  300    0   0.195  16.875   8.332  13.151  -0.001  -0.001   1.000   0.000  -1.000  -0.001   1.000   0.000   0.001   0.001  -0.000
  301    0   0.195  16.406   9.165  13.151   0.000  -0.001   1.000  -0.454  -0.891  -0.001   0.891  -0.454  -0.001  -0.000  -0.003
  302    0   0.195  17.343   9.165  13.152  -0.001  -0.001   1.000   0.466  -0.885   0.000   0.885   0.466   0.002  -0.000  -0.001
  303    0   0.196  18.750   8.332  13.153  -0.000  -0.001   1.000   1.000  -0.000   0.000   0.000   1.000   0.001   0.001  -0.003
